0.0,0.0
1.0,0.0
2.0,0.0
3.0,0.0
4.0,0.0
5.0,0.0
6.0,0.0
7.0,0.0
8.0,0.0
9.0,0.0
10.0,0.0
11.0,0.0
12.0,0.0
13.0,0.0
14.0,0.0
15.0,0.0
16.0,0.0
17.0,0.0
18.0,0.0
19.0,0.0
20.0,0.0
21.0,0.0
22.0,0.0218757
23.0,0.250795
24.0,0.366979
25.0,0.458175
26.0,0.53584
27.0,0.604572
28.0,0.666783
29.0,0.723935
30.0,0.776995
31.0,0.826646
32.0,0.873391
33.0,0.917613
34.0,0.959614
35.0,0.999638
36.0,1.03788
37.0,1.07451
38.0,1.10967
39.0,1.14348
40.0,1.17603
41.0,1.20742
42.0,1.23772
43.0,1.26701
44.0,1.29535
45.0,1.32279
46.0,1.34938
47.0,1.37518
48.0,1.4002
49.0,1.42451
50.0,1.44812
51.0,1.47108
52.0,1.4934
53.0,1.51512
54.0,1.53626
55.0,1.55684
56.0,1.57689
57.0,1.59642
58.0,1.61546
59.0,1.63402
60.0,1.65211
61.0,1.66976
62.0,1.68698
63.0,1.70378
64.0,1.72017
65.0,1.73617
66.0,1.75178
67.0,1.76703
68.0,1.78191
69.0,1.79645
70.0,1.81064
71.0,1.82451
72.0,1.83805
73.0,1.85128
74.0,1.8642
75.0,1.87682
76.0,1.88916
77.0,1.9012
78.0,1.91298
79.0,1.92448
80.0,1.93571
81.0,1.94669
82.0,1.95741
83.0,1.96789
84.0,1.97813
85.0,1.98813
86.0,1.9979
87.0,2.00744
88.0,2.01676
89.0,2.02587
90.0,2.03476
91.0,2.04344
92.0,2.05192
93.0,2.0602
94.0,2.06828
95.0,2.07617
96.0,2.08387
97.0,2.09138
98.0,2.09872
99.0,2.10587
100.0,2.11285
101.0,2.11966
102.0,2.1263
103.0,2.13277
104.0,2.13908
105.0,2.14523
106.0,2.15122
107.0,2.15706
108.0,2.16275
109.0,2.16829
110.0,2.17368
111.0,2.17893
112.0,2.18403
113.0,2.189
114.0,2.19383
115.0,2.19852
116.0,2.20308
117.0,2.20752
118.0,2.21182
119.0,2.216
120.0,2.22005
121.0,2.22398
122.0,2.22779
123.0,2.23148
124.0,2.23506
125.0,2.23852
126.0,2.24186
127.0,2.2451
128.0,2.24823
129.0,2.25125
130.0,2.25416
131.0,2.25697
132.0,2.25967
133.0,2.26228
134.0,2.26478
135.0,2.26718
136.0,2.26949
137.0,2.27171
138.0,2.27382
139.0,2.27585
140.0,2.27779
141.0,2.27963
142.0,2.28139
143.0,2.28305
144.0,2.28464
145.0,2.28613
146.0,2.28755
147.0,2.28888
148.0,2.29013
149.0,2.2913
150.0,2.29239
151.0,2.2934
152.0,2.29434
153.0,2.2952
154.0,2.29599
155.0,2.2967
156.0,2.29734
157.0,2.29791
158.0,2.29841
159.0,2.29883
160.0,2.29919
161.0,2.29949
162.0,2.29971
163.0,2.29987
164.0,2.29997
165.0,2.3
166.0,2.29999
167.0,2.29994
168.0,2.29988
169.0,2.29978
170.0,2.29966
171.0,2.29951
172.0,2.29933
173.0,2.29913
174.0,2.29891
175.0,2.29866
176.0,2.29838
177.0,2.29808
178.0,2.29776
179.0,2.29741
180.0,2.29704
181.0,2.29665
182.0,2.29624
183.0,2.2958
184.0,2.29534
185.0,2.29486
186.0,2.29435
187.0,2.29383
188.0,2.29329
189.0,2.29272
190.0,2.29213
191.0,2.29153
192.0,2.2909
193.0,2.29026
194.0,2.28959
195.0,2.28891
196.0,2.2882
197.0,2.28748
198.0,2.28674
199.0,2.28598
200.0,2.28521
201.0,2.28441
202.0,2.2836
203.0,2.28277
204.0,2.28192
205.0,2.28106
206.0,2.28018
207.0,2.27929
208.0,2.27837
209.0,2.27744
210.0,2.2765
211.0,2.27554
212.0,2.27456
213.0,2.27357
214.0,2.27257
215.0,2.27154
216.0,2.27051
217.0,2.26946
218.0,2.26839
219.0,2.26731
220.0,2.26622
221.0,2.26511
222.0,2.26399
223.0,2.26286
224.0,2.26171
225.0,2.26055
226.0,2.25937
227.0,2.25819
228.0,2.25699
229.0,2.25577
230.0,2.25455
231.0,2.25331
232.0,2.25206
233.0,2.2508
234.0,2.24952
235.0,2.24824
236.0,2.24694
237.0,2.24563
238.0,2.24431
239.0,2.24298
240.0,2.24164
241.0,2.24028
242.0,2.23892
243.0,2.23755
244.0,2.23616
245.0,2.23476
246.0,2.23336
247.0,2.23194
248.0,2.23051
249.0,2.22908
250.0,2.22763
251.0,2.22617
252.0,2.22471
253.0,2.22323
254.0,2.22175
255.0,2.22025
256.0,2.21875
257.0,2.21723
258.0,2.21571
259.0,2.21418
260.0,2.21264
261.0,2.21109
262.0,2.20954
263.0,2.20797
264.0,2.2064
265.0,2.20482
266.0,2.20323
267.0,2.20163
268.0,2.20002
269.0,2.19841
270.0,2.19679
271.0,2.19516
272.0,2.19352
273.0,2.19188
274.0,2.19022
275.0,2.18856
276.0,2.1869
277.0,2.18522
278.0,2.18354
279.0,2.18185
280.0,2.18016
281.0,2.17846
282.0,2.17675
283.0,2.17503
284.0,2.17331
285.0,2.17158
286.0,2.16984
287.0,2.1681
288.0,2.16636
289.0,2.1646
290.0,2.16284
291.0,2.16107
292.0,2.1593
293.0,2.15752
294.0,2.15574
295.0,2.15395
296.0,2.15215
297.0,2.15035
298.0,2.14854
299.0,2.14673
300.0,2.14491
301.0,2.14309
302.0,2.14126
303.0,2.13943
304.0,2.13759
305.0,2.13574
306.0,2.1339
307.0,2.13204
308.0,2.13018
309.0,2.12832
310.0,2.12645
311.0,2.12457
312.0,2.1227
313.0,2.12081
314.0,2.11893
315.0,2.11703
316.0,2.11514
317.0,2.11323
318.0,2.11133
319.0,2.10942
320.0,2.10751
321.0,2.10559
322.0,2.10366
323.0,2.10174
324.0,2.09981
325.0,2.09787
326.0,2.09594
327.0,2.09399
328.0,2.09205
329.0,2.0901
330.0,2.08814
331.0,2.08619
332.0,2.08423
333.0,2.08226
334.0,2.08029
335.0,2.07832
336.0,2.07635
337.0,2.07437
338.0,2.07239
339.0,2.0704
340.0,2.06841
341.0,2.06642
342.0,2.06443
343.0,2.06243
344.0,2.06043
345.0,2.05843
346.0,2.05642
347.0,2.05441
348.0,2.0524
349.0,2.05038
350.0,2.04836
351.0,2.04634
352.0,2.04432
353.0,2.04229
354.0,2.04026
355.0,2.03823
356.0,2.0362
357.0,2.03416
358.0,2.03212
359.0,2.03008
360.0,2.02804
361.0,2.02599
362.0,2.02394
363.0,2.02189
364.0,2.01984
365.0,2.01778
366.0,2.01572
367.0,2.01366
368.0,2.0116
369.0,2.00954
370.0,2.00747
371.0,2.0054
372.0,2.00333
373.0,2.00126
374.0,1.99919
375.0,1.99711
376.0,1.99503
377.0,1.99295
378.0,1.99087
379.0,1.98879
380.0,1.9867
381.0,1.98462
382.0,1.98253
383.0,1.98044
384.0,1.97835
385.0,1.97626
386.0,1.97416
387.0,1.97207
388.0,1.96997
389.0,1.96787
390.0,1.96577
391.0,1.96367
392.0,1.96156
393.0,1.95946
394.0,1.95735
395.0,1.95525
396.0,1.95314
397.0,1.95103
398.0,1.94892
399.0,1.94681
400.0,1.9447
401.0,1.94258
402.0,1.94047
403.0,1.93835
404.0,1.93623
405.0,1.93412
406.0,1.932
407.0,1.92988
408.0,1.92776
409.0,1.92563
410.0,1.92351
411.0,1.92139
412.0,1.91926
413.0,1.91714
414.0,1.91501
415.0,1.91288
416.0,1.91076
417.0,1.90863
418.0,1.9065
419.0,1.90437
420.0,1.90224
421.0,1.90011
422.0,1.89798
423.0,1.89585
424.0,1.89371
425.0,1.89158
426.0,1.88945
427.0,1.88731
428.0,1.88518
429.0,1.88304
430.0,1.88091
431.0,1.87877
432.0,1.87664
433.0,1.8745
434.0,1.87236
435.0,1.87023
436.0,1.86809
437.0,1.86595
438.0,1.86381
439.0,1.86168
440.0,1.85954
441.0,1.8574
442.0,1.85526
443.0,1.85312
444.0,1.85098
445.0,1.84884
446.0,1.8467
447.0,1.84456
448.0,1.84242
449.0,1.84028
450.0,1.83815
451.0,1.83601
452.0,1.83387
453.0,1.83173
454.0,1.82959
455.0,1.82745
456.0,1.82531
457.0,1.82317
458.0,1.82103
459.0,1.81889
460.0,1.81675
461.0,1.81461
462.0,1.81247
463.0,1.81034
464.0,1.8082
465.0,1.80606
466.0,1.80392
467.0,1.80178
468.0,1.79965
469.0,1.79751
470.0,1.79537
471.0,1.79324
472.0,1.7911
473.0,1.78896
474.0,1.78683
475.0,1.78469
476.0,1.78256
477.0,1.78042
478.0,1.77829
479.0,1.77616
480.0,1.77402
481.0,1.77189
482.0,1.76976
483.0,1.76763
484.0,1.7655
485.0,1.76337
486.0,1.76124
487.0,1.75911
488.0,1.75698
489.0,1.75485
490.0,1.75272
491.0,1.75059
492.0,1.74847
493.0,1.74634
494.0,1.74421
495.0,1.74209
496.0,1.73996
497.0,1.73784
498.0,1.73572
499.0,1.7336
500.0,1.73147
501.0,1.72935
502.0,1.72723
503.0,1.72511
504.0,1.723
505.0,1.72088
506.0,1.71876
507.0,1.71664
508.0,1.71453
509.0,1.71241
510.0,1.7103
511.0,1.70819
512.0,1.70607
513.0,1.70396
514.0,1.70185
515.0,1.69974
516.0,1.69763
517.0,1.69552
518.0,1.69342
519.0,1.69131
520.0,1.68921
521.0,1.6871
522.0,1.685
523.0,1.6829
524.0,1.68079
525.0,1.67869
526.0,1.67659
527.0,1.67449
528.0,1.6724
529.0,1.6703
530.0,1.6682
531.0,1.66611
532.0,1.66402
533.0,1.66192
534.0,1.65983
535.0,1.65774
536.0,1.65565
537.0,1.65244
538.0,1.65132
539.0,1.6502
540.0,1.64908
541.0,1.64797
542.0,1.64686
543.0,1.64575
544.0,1.64465
545.0,1.64355
546.0,1.64245
547.0,1.64135
548.0,1.64026
549.0,1.63917
550.0,1.63808
551.0,1.637
552.0,1.63592
553.0,1.63484
554.0,1.63376
555.0,1.63269
556.0,1.63162
557.0,1.63055
558.0,1.62948
559.0,1.62842
560.0,1.62736
561.0,1.6263
562.0,1.62525
563.0,1.6242
564.0,1.62315
565.0,1.6221
566.0,1.62106
567.0,1.62002
568.0,1.61898
569.0,1.61794
570.0,1.61691
571.0,1.61588
572.0,1.61485
573.0,1.61382
574.0,1.6128
575.0,1.61177
576.0,1.61076
577.0,1.60974
578.0,1.60873
579.0,1.60771
580.0,1.60671
581.0,1.6057
582.0,1.60469
583.0,1.60369
584.0,1.60269
585.0,1.6017
586.0,1.6007
587.0,1.59971
588.0,1.59872
589.0,1.59773
590.0,1.59675
591.0,1.59577
592.0,1.59478
593.0,1.59381
594.0,1.59283
595.0,1.59186
596.0,1.59089
597.0,1.58992
598.0,1.58895
599.0,1.58799
600.0,1.58702
601.0,1.58606
602.0,1.58511
603.0,1.58415
604.0,1.5832
605.0,1.58225
606.0,1.5813
607.0,1.58035
608.0,1.57941
609.0,1.57847
610.0,1.57753
611.0,1.57659
612.0,1.57565
613.0,1.57472
614.0,1.57379
615.0,1.57286
616.0,1.57193
617.0,1.571
618.0,1.57008
619.0,1.56916
620.0,1.56824
621.0,1.56732
622.0,1.56641
623.0,1.5655
624.0,1.56459
625.0,1.56368
626.0,1.56277
627.0,1.56187
628.0,1.56096
629.0,1.56006
630.0,1.55917
631.0,1.55827
632.0,1.55737
633.0,1.55648
634.0,1.55559
635.0,1.5547
636.0,1.55382
637.0,1.55293
638.0,1.55205
639.0,1.55117
640.0,1.55029
641.0,1.54941
642.0,1.54854
643.0,1.54766
644.0,1.54679
645.0,1.54592
646.0,1.54505
647.0,1.54419
648.0,1.54333
649.0,1.54246
650.0,1.5416
651.0,1.54075
652.0,1.53989
653.0,1.53903
654.0,1.53818
655.0,1.53733
656.0,1.53648
657.0,1.53563
658.0,1.53479
659.0,1.53395
660.0,1.5331
661.0,1.53226
662.0,1.53142
663.0,1.53059
664.0,1.52975
665.0,1.52892
666.0,1.52809
667.0,1.52726
668.0,1.52643
669.0,1.52561
670.0,1.52478
671.0,1.52396
672.0,1.52314
673.0,1.52232
674.0,1.5215
675.0,1.52068
676.0,1.51987
677.0,1.51906
678.0,1.51825
679.0,1.51744
680.0,1.51663
681.0,1.51582
682.0,1.51502
683.0,1.51422
684.0,1.51342
685.0,1.51262
686.0,1.51182
687.0,1.51102
688.0,1.51023
689.0,1.50944
690.0,1.50864
691.0,1.50786
692.0,1.50707
693.0,1.50628
694.0,1.5055
695.0,1.50471
696.0,1.50393
697.0,1.50315
698.0,1.50237
699.0,1.50159
700.0,1.50082
701.0,1.50005
702.0,1.49927
703.0,1.4985
704.0,1.49773
705.0,1.49696
706.0,1.4962
707.0,1.49543
708.0,1.49467
709.0,1.49391
710.0,1.49315
711.0,1.49239
712.0,1.49163
713.0,1.49088
714.0,1.49012
715.0,1.48937
716.0,1.48862
717.0,1.48787
718.0,1.48712
719.0,1.48637
720.0,1.48563
721.0,1.48488
722.0,1.48414
723.0,1.4834
724.0,1.48266
725.0,1.48192
726.0,1.48118
727.0,1.48045
728.0,1.47971
729.0,1.47898
730.0,1.47825
731.0,1.47752
732.0,1.47679
733.0,1.47606
734.0,1.47534
735.0,1.47461
736.0,1.47389
737.0,1.47317
738.0,1.47245
739.0,1.47173
740.0,1.47101
741.0,1.47029
742.0,1.46958
743.0,1.46886
744.0,1.46815
745.0,1.46744
746.0,1.46673
747.0,1.46602
748.0,1.46532
749.0,1.46461
750.0,1.46391
751.0,1.4632
752.0,1.4625
753.0,1.4618
754.0,1.4611
755.0,1.4604
756.0,1.45971
757.0,1.45901
758.0,1.45832
759.0,1.45762
760.0,1.45693
761.0,1.45624
762.0,1.45555
763.0,1.45486
764.0,1.45418
765.0,1.45349
766.0,1.45281
767.0,1.45213
768.0,1.45144
769.0,1.45076
770.0,1.45009
771.0,1.44941
772.0,1.44873
773.0,1.44806
774.0,1.44738
775.0,1.44671
776.0,1.44604
777.0,1.44537
778.0,1.4447
779.0,1.44403
780.0,1.44336
781.0,1.44269
782.0,1.44203
783.0,1.44137
784.0,1.4407
785.0,1.44004
786.0,1.43938
787.0,1.43872
788.0,1.43807
789.0,1.43741
790.0,1.43675
791.0,1.4361
792.0,1.43545
793.0,1.4348
794.0,1.43415
795.0,1.4335
796.0,1.43285
797.0,1.4322
798.0,1.43155
799.0,1.43091
800.0,1.43026
801.0,1.42962
802.0,1.42898
803.0,1.42834
804.0,1.4277
805.0,1.42706
806.0,1.42642
807.0,1.42579
808.0,1.42515
809.0,1.42452
810.0,1.42389
811.0,1.42325
812.0,1.42262
813.0,1.42199
814.0,1.42136
815.0,1.42074
816.0,1.42011
817.0,1.41948
818.0,1.41886
819.0,1.41824
820.0,1.41761
821.0,1.41699
822.0,1.41637
823.0,1.41575
824.0,1.41514
825.0,1.41452
826.0,1.4139
827.0,1.41329
828.0,1.41267
829.0,1.41206
830.0,1.41145
831.0,1.41084
832.0,1.41023
833.0,1.40962
834.0,1.40901
835.0,1.40841
836.0,1.4078
837.0,1.40719
838.0,1.40659
839.0,1.40599
840.0,1.40539
841.0,1.40479
842.0,1.40419
843.0,1.40359
844.0,1.40299
845.0,1.40239
846.0,1.4018
847.0,1.4012
848.0,1.40061
849.0,1.40001
850.0,1.39942
851.0,1.39883
852.0,1.39824
853.0,1.39765
854.0,1.39706
855.0,1.39648
856.0,1.39589
857.0,1.3953
858.0,1.39472
859.0,1.39414
860.0,1.39355
861.0,1.39297
862.0,1.39239
863.0,1.39181
864.0,1.39123
865.0,1.39066
866.0,1.39008
867.0,1.3895
868.0,1.38893
869.0,1.38835
870.0,1.38778
871.0,1.38721
872.0,1.38664
873.0,1.38607
874.0,1.3855
875.0,1.38493
876.0,1.38436
877.0,1.38379
878.0,1.38323
879.0,1.38266
880.0,1.3821
881.0,1.38153
882.0,1.38097
883.0,1.38041
884.0,1.37985
885.0,1.37929
886.0,1.37873
887.0,1.37817
888.0,1.37762
889.0,1.37706
890.0,1.3765
891.0,1.37595
892.0,1.3754
893.0,1.37484
894.0,1.37429
895.0,1.37374
896.0,1.37319
897.0,1.37264
898.0,1.37209
899.0,1.37154
900.0,1.371
901.0,1.37045
902.0,1.36991
903.0,1.36936
904.0,1.36882
905.0,1.36827
906.0,1.36773
907.0,1.36719
908.0,1.36665
909.0,1.36611
910.0,1.36557
911.0,1.36504
912.0,1.3645
913.0,1.36396
914.0,1.36343
915.0,1.36289
916.0,1.36236
917.0,1.36183
918.0,1.36129
919.0,1.36076
920.0,1.36023
921.0,1.3597
922.0,1.35917
923.0,1.35864
924.0,1.35812
925.0,1.35759
926.0,1.35706
927.0,1.35654
928.0,1.35602
929.0,1.35549
930.0,1.35497
931.0,1.35445
932.0,1.35393
933.0,1.35341
934.0,1.35289
935.0,1.35237
936.0,1.35185
937.0,1.35133
938.0,1.35082
939.0,1.3503
940.0,1.34979
941.0,1.34927
942.0,1.34876
943.0,1.34824
944.0,1.34773
945.0,1.34722
946.0,1.34671
947.0,1.3462
948.0,1.34569
949.0,1.34518
950.0,1.34468
951.0,1.34417
952.0,1.34366
953.0,1.34316
954.0,1.34265
955.0,1.34215
956.0,1.34165
957.0,1.34114
958.0,1.34064
959.0,1.34014
960.0,1.33964
961.0,1.33914
962.0,1.33864
963.0,1.33815
964.0,1.33765
965.0,1.33715
966.0,1.33666
967.0,1.33616
968.0,1.33567
969.0,1.33517
970.0,1.33468
971.0,1.33419
972.0,1.33369
973.0,1.3332
974.0,1.33271
975.0,1.33222
976.0,1.33173
977.0,1.33125
978.0,1.33076
979.0,1.33027
980.0,1.32979
981.0,1.3293
982.0,1.32882
983.0,1.32833
984.0,1.32785
985.0,1.32737
986.0,1.32688
987.0,1.3264
988.0,1.32592
989.0,1.32544
990.0,1.32496
991.0,1.32448
992.0,1.324
993.0,1.32353
994.0,1.32305
995.0,1.32257
996.0,1.3221
997.0,1.32162
998.0,1.32115
999.0,1.32068
1000.0,1.3202
1001.0,1.31973
1002.0,1.31926
1003.0,1.31879
1004.0,1.31832
1005.0,1.31785
1006.0,1.31738
1007.0,1.31691
1008.0,1.31645
1009.0,1.31598
1010.0,1.31551
1011.0,1.31505
1012.0,1.31458
1013.0,1.31412
1014.0,1.31365
1015.0,1.31319
1016.0,1.31273
1017.0,1.31227
1018.0,1.3118
1019.0,1.31134
1020.0,1.31088
1021.0,1.31042
1022.0,1.30997
1023.0,1.30951
1024.0,1.30905
1025.0,1.30859
1026.0,1.30814
1027.0,1.30768
1028.0,1.30723
1029.0,1.30677
1030.0,1.30632
1031.0,1.30586
1032.0,1.30541
1033.0,1.30496
1034.0,1.30451
1035.0,1.30406
1036.0,1.30361
1037.0,1.30316
1038.0,1.30271
1039.0,1.30226
1040.0,1.30181
1041.0,1.30136
1042.0,1.30092
1043.0,1.30047
1044.0,1.30003
1045.0,1.29958
1046.0,1.29914
1047.0,1.29869
1048.0,1.29825
1049.0,1.29781
1050.0,1.29737
1051.0,1.29692
1052.0,1.29648
1053.0,1.29604
1054.0,1.2956
1055.0,1.29516
1056.0,1.29473
1057.0,1.29429
1058.0,1.29385
1059.0,1.29341
1060.0,1.29298
1061.0,1.29254
1062.0,1.29211
1063.0,1.29167
1064.0,1.29124
1065.0,1.2908
1066.0,1.29037
1067.0,1.28994
1068.0,1.28951
1069.0,1.28908
1070.0,1.28865
1071.0,1.28822
1072.0,1.28779
1073.0,1.28736
1074.0,1.28693
1075.0,1.2865
1076.0,1.28607
1077.0,1.28565
1078.0,1.28522
1079.0,1.28479
1080.0,1.28437
1081.0,1.28394
1082.0,1.28352
1083.0,1.2831
1084.0,1.28267
1085.0,1.28225
1086.0,1.28183
1087.0,1.28141
1088.0,1.28099
1089.0,1.28057
1090.0,1.28015
1091.0,1.27973
1092.0,1.27931
1093.0,1.27889
1094.0,1.27847
1095.0,1.27806
1096.0,1.27764
1097.0,1.27722
1098.0,1.27681
1099.0,1.27639
1100.0,1.27598
1101.0,1.27556
1102.0,1.27515
1103.0,1.27474
1104.0,1.27433
1105.0,1.27391
1106.0,1.2735
1107.0,1.27309
1108.0,1.27268
1109.0,1.27227
1110.0,1.27186
1111.0,1.27145
1112.0,1.27104
1113.0,1.27064
1114.0,1.27023
1115.0,1.26982
1116.0,1.26942
1117.0,1.26901
1118.0,1.2686
1119.0,1.2682
1120.0,1.2678
1121.0,1.26739
1122.0,1.26699
1123.0,1.26659
1124.0,1.26618
1125.0,1.26578
1126.0,1.26538
1127.0,1.26498
1128.0,1.26458
1129.0,1.26418
1130.0,1.26378
1131.0,1.26338
1132.0,1.26298
1133.0,1.26258
1134.0,1.26219
1135.0,1.26179
1136.0,1.26139
1137.0,1.261
1138.0,1.2606
1139.0,1.26021
1140.0,1.25981
1141.0,1.25942
1142.0,1.25902
1143.0,1.25863
1144.0,1.25824
1145.0,1.25784
1146.0,1.25745
1147.0,1.25706
1148.0,1.25667
1149.0,1.25628
1150.0,1.25589
1151.0,1.2555
1152.0,1.25511
1153.0,1.25472
1154.0,1.25434
1155.0,1.25395
1156.0,1.25356
1157.0,1.25317
1158.0,1.25279
1159.0,1.2524
1160.0,1.25202
1161.0,1.25163
1162.0,1.25125
1163.0,1.25086
1164.0,1.25048
1165.0,1.2501
1166.0,1.24971
1167.0,1.24933
1168.0,1.24895
1169.0,1.24857
1170.0,1.24819
1171.0,1.24781
1172.0,1.24743
1173.0,1.24705
1174.0,1.24667
1175.0,1.24629
1176.0,1.24591
1177.0,1.24554
1178.0,1.24516
1179.0,1.24478
1180.0,1.24441
1181.0,1.24403
1182.0,1.24365
1183.0,1.24328
1184.0,1.2429
1185.0,1.24253
1186.0,1.24216
1187.0,1.24178
1188.0,1.24141
1189.0,1.24104
1190.0,1.24067
1191.0,1.24029
1192.0,1.23992
1193.0,1.23955
1194.0,1.23918
1195.0,1.23881
1196.0,1.23844
1197.0,1.23807
1198.0,1.23771
1199.0,1.23734
1200.0,1.23697
1201.0,1.2366
1202.0,1.23624
1203.0,1.23587
1204.0,1.2355
1205.0,1.23514
1206.0,1.23477
1207.0,1.23441
1208.0,1.23404
1209.0,1.23368
1210.0,1.23332
1211.0,1.23295
1212.0,1.23259
1213.0,1.23223
1214.0,1.23187
1215.0,1.2315
1216.0,1.23114
1217.0,1.23078
1218.0,1.23042
1219.0,1.23006
1220.0,1.2297
1221.0,1.22934
1222.0,1.22899
1223.0,1.22863
1224.0,1.22827
1225.0,1.22791
1226.0,1.22755
1227.0,1.2272
1228.0,1.22684
1229.0,1.22649
1230.0,1.22613
1231.0,1.22578
1232.0,1.22542
1233.0,1.22507
1234.0,1.22471
1235.0,1.22436
1236.0,1.22401
1237.0,1.22365
1238.0,1.2233
1239.0,1.22295
1240.0,1.2226
1241.0,1.22225
1242.0,1.2219
1243.0,1.22155
1244.0,1.2212
1245.0,1.22085
1246.0,1.2205
1247.0,1.22015
1248.0,1.2198
1249.0,1.21945
1250.0,1.2191
1251.0,1.21876
1252.0,1.21841
1253.0,1.21806
1254.0,1.21772
1255.0,1.21737
1256.0,1.21703
1257.0,1.21668
1258.0,1.21634
1259.0,1.21599
1260.0,1.21565
1261.0,1.2153
1262.0,1.21496
1263.0,1.21462
1264.0,1.21428
1265.0,1.21393
1266.0,1.21359
1267.0,1.21325
1268.0,1.21291
1269.0,1.21257
1270.0,1.21223
1271.0,1.21189
1272.0,1.21155
1273.0,1.21121
1274.0,1.21087
1275.0,1.21053
1276.0,1.2102
1277.0,1.20986
1278.0,1.20952
1279.0,1.20919
1280.0,1.20885
1281.0,1.20851
1282.0,1.20818
1283.0,1.20784
1284.0,1.20751
1285.0,1.20717
1286.0,1.20684
1287.0,1.2065
1288.0,1.20617
1289.0,1.20584
1290.0,1.2055
1291.0,1.20517
1292.0,1.20484
1293.0,1.20451
1294.0,1.20418
1295.0,1.20384
1296.0,1.20351
1297.0,1.20318
1298.0,1.20285
1299.0,1.20252
1300.0,1.20219
1301.0,1.20186
1302.0,1.20154
1303.0,1.20121
1304.0,1.20088
1305.0,1.20055
1306.0,1.20022
1307.0,1.1999
1308.0,1.19957
1309.0,1.19924
1310.0,1.19892
1311.0,1.19859
1312.0,1.19827
1313.0,1.19794
1314.0,1.19762
1315.0,1.19729
1316.0,1.19697
1317.0,1.19665
1318.0,1.19632
1319.0,1.196
1320.0,1.19568
1321.0,1.19536
1322.0,1.19503
1323.0,1.19471
1324.0,1.19439
1325.0,1.19407
1326.0,1.19375
1327.0,1.19343
1328.0,1.19311
1329.0,1.19279
1330.0,1.19247
1331.0,1.19215
1332.0,1.19183
1333.0,1.19151
1334.0,1.1912
1335.0,1.19088
1336.0,1.19056
1337.0,1.19024
1338.0,1.18993
1339.0,1.18961
1340.0,1.1893
1341.0,1.18898
1342.0,1.18866
1343.0,1.18835
1344.0,1.18803
1345.0,1.18772
1346.0,1.18741
1347.0,1.18709
1348.0,1.18678
1349.0,1.18647
1350.0,1.18615
1351.0,1.18584
1352.0,1.18553
1353.0,1.18522
1354.0,1.18491
1355.0,1.18459
1356.0,1.18428
1357.0,1.18397
1358.0,1.18366
1359.0,1.18335
1360.0,1.18304
1361.0,1.18273
1362.0,1.18242
1363.0,1.18212
1364.0,1.18181
1365.0,1.1815
1366.0,1.18119
1367.0,1.18088
1368.0,1.18058
1369.0,1.18027
1370.0,1.17996
1371.0,1.17966
1372.0,1.17935
1373.0,1.17905
1374.0,1.17874
1375.0,1.17844
1376.0,1.17813
1377.0,1.17783
1378.0,1.17752
1379.0,1.17722
1380.0,1.17692
1381.0,1.17661
1382.0,1.17631
1383.0,1.17601
1384.0,1.1757
1385.0,1.1754
1386.0,1.1751
1387.0,1.1748
1388.0,1.1745
1389.0,1.1742
1390.0,1.1739
1391.0,1.1736
1392.0,1.1733
1393.0,1.173
1394.0,1.1727
1395.0,1.1724
1396.0,1.1721
1397.0,1.1718
1398.0,1.1715
1399.0,1.17121
1400.0,1.17091
1401.0,1.17061
1402.0,1.17031
1403.0,1.17002
1404.0,1.16972
1405.0,1.16943
1406.0,1.16913
1407.0,1.16883
1408.0,1.16854
1409.0,1.16824
1410.0,1.16795
1411.0,1.16765
1412.0,1.16736
1413.0,1.16707
1414.0,1.16677
1415.0,1.16648
1416.0,1.16619
1417.0,1.16589
1418.0,1.1656
1419.0,1.16531
1420.0,1.16502
1421.0,1.16473
1422.0,1.16444
1423.0,1.16414
1424.0,1.16385
1425.0,1.16356
1426.0,1.16327
1427.0,1.16298
1428.0,1.16269
1429.0,1.1624
1430.0,1.16212
1431.0,1.16183
1432.0,1.16154
1433.0,1.16125
1434.0,1.16096
1435.0,1.16067
1436.0,1.16039
1437.0,1.1601
1438.0,1.15981
1439.0,1.15953
1440.0,1.15924
1441.0,1.15895
1442.0,1.15867
1443.0,1.15838
1444.0,1.1581
1445.0,1.15781
1446.0,1.15753
1447.0,1.15724
1448.0,1.15696
1449.0,1.15668
1450.0,1.15639
1451.0,1.15611
1452.0,1.15583
1453.0,1.15554
1454.0,1.15526
1455.0,1.15498
1456.0,1.1547
1457.0,1.15442
1458.0,1.15413
1459.0,1.15385
1460.0,1.15357
1461.0,1.15329
1462.0,1.15301
1463.0,1.15273
1464.0,1.15245
1465.0,1.15217
1466.0,1.15189
1467.0,1.15161
1468.0,1.15133
1469.0,1.15106
1470.0,1.15078
1471.0,1.1505
1472.0,1.15022
1473.0,1.14994
1474.0,1.14967
1475.0,1.14939
1476.0,1.14911
1477.0,1.14884
1478.0,1.14856
1479.0,1.14828
1480.0,1.14801
1481.0,1.14773
1482.0,1.14746
1483.0,1.14718
1484.0,1.14691
1485.0,1.14663
1486.0,1.14636
1487.0,1.14609
1488.0,1.14581
1489.0,1.14554
1490.0,1.14527
1491.0,1.14499
1492.0,1.14472
1493.0,1.14445
1494.0,1.14418
1495.0,1.1439
1496.0,1.14363
1497.0,1.14336
1498.0,1.14309
1499.0,1.14282
1500.0,1.14255
1501.0,1.14228
1502.0,1.14201
1503.0,1.14174
1504.0,1.14147
1505.0,1.1412
1506.0,1.14093
1507.0,1.14066
1508.0,1.14039
1509.0,1.14012
1510.0,1.13985
1511.0,1.13959
1512.0,1.13932
1513.0,1.13905
1514.0,1.13878
1515.0,1.13852
1516.0,1.13825
1517.0,1.13798
1518.0,1.13772
1519.0,1.13745
1520.0,1.13719
1521.0,1.13692
1522.0,1.13665
1523.0,1.13639
1524.0,1.13612
1525.0,1.13586
1526.0,1.1356
1527.0,1.13533
1528.0,1.13507
1529.0,1.1348
1530.0,1.13454
1531.0,1.13428
1532.0,1.13401
1533.0,1.13375
1534.0,1.13349
1535.0,1.13323
1536.0,1.13296
1537.0,1.1327
1538.0,1.13244
1539.0,1.13218
1540.0,1.13192
1541.0,1.13166
1542.0,1.1314
1543.0,1.13114
1544.0,1.13088
1545.0,1.13062
1546.0,1.13036
1547.0,1.1301
1548.0,1.12984
1549.0,1.12958
1550.0,1.12932
1551.0,1.12906
1552.0,1.1288
1553.0,1.12855
1554.0,1.12829
1555.0,1.12803
1556.0,1.12777
1557.0,1.12752
1558.0,1.12726
1559.0,1.127
1560.0,1.12675
1561.0,1.12649
1562.0,1.12623
1563.0,1.12598
1564.0,1.12572
1565.0,1.12547
1566.0,1.12521
1567.0,1.12496
1568.0,1.1247
1569.0,1.12445
1570.0,1.12419
1571.0,1.12394
1572.0,1.12368
1573.0,1.12343
1574.0,1.12318
1575.0,1.12292
1576.0,1.12267
1577.0,1.12242
1578.0,1.12217
1579.0,1.12191
1580.0,1.12166
1581.0,1.12141
1582.0,1.12116
1583.0,1.12091
1584.0,1.12066
1585.0,1.1204
1586.0,1.12015
1587.0,1.1199
1588.0,1.11965
1589.0,1.1194
1590.0,1.11915
1591.0,1.1189
1592.0,1.11865
1593.0,1.1184
1594.0,1.11816
1595.0,1.11791
1596.0,1.11766
1597.0,1.11741
1598.0,1.11716
1599.0,1.11691
1600.0,1.11667
1601.0,1.11642
1602.0,1.11617
1603.0,1.11592
1604.0,1.11568
1605.0,1.11543
1606.0,1.11518
1607.0,1.11494
1608.0,1.11469
1609.0,1.11444
1610.0,1.1142
1611.0,1.11395
1612.0,1.11371
1613.0,1.11346
1614.0,1.11322
1615.0,1.11297
1616.0,1.11273
1617.0,1.11249
1618.0,1.11224
1619.0,1.112
1620.0,1.11175
1621.0,1.11151
1622.0,1.11127
1623.0,1.11102
1624.0,1.11078
1625.0,1.11054
1626.0,1.1103
1627.0,1.11005
1628.0,1.10981
1629.0,1.10957
1630.0,1.10933
1631.0,1.10909
1632.0,1.10885
1633.0,1.10861
1634.0,1.10836
1635.0,1.10812
1636.0,1.10788
1637.0,1.10764
1638.0,1.1074
1639.0,1.10716
1640.0,1.10692
1641.0,1.10669
1642.0,1.10645
1643.0,1.10621
1644.0,1.10597
1645.0,1.10573
1646.0,1.10549
1647.0,1.10525
1648.0,1.10502
1649.0,1.10478
1650.0,1.10454
1651.0,1.1043
1652.0,1.10407
1653.0,1.10383
1654.0,1.10359
1655.0,1.10336
1656.0,1.10312
1657.0,1.10288
1658.0,1.10265
1659.0,1.10241
1660.0,1.10218
1661.0,1.10194
1662.0,1.1017
1663.0,1.10147
1664.0,1.10123
1665.0,1.101
1666.0,1.10077
1667.0,1.10053
1668.0,1.1003
1669.0,1.10006
1670.0,1.09983
1671.0,1.0996
1672.0,1.09936
1673.0,1.09913
1674.0,1.0989
1675.0,1.09866
1676.0,1.09843
1677.0,1.0982
1678.0,1.09797
1679.0,1.09774
1680.0,1.0975
1681.0,1.09727
1682.0,1.09704
1683.0,1.09681
1684.0,1.09658
1685.0,1.09635
1686.0,1.09612
1687.0,1.09589
1688.0,1.09566
1689.0,1.09543
1690.0,1.0952
1691.0,1.09497
1692.0,1.09474
1693.0,1.09451
1694.0,1.09428
1695.0,1.09405
1696.0,1.09382
1697.0,1.09359
1698.0,1.09336
1699.0,1.09314
1700.0,1.09291
1701.0,1.09268
1702.0,1.09245
1703.0,1.09222
1704.0,1.092
1705.0,1.09177
1706.0,1.09154
1707.0,1.09132
1708.0,1.09109
1709.0,1.09086
1710.0,1.09064
1711.0,1.09041
1712.0,1.09018
1713.0,1.08996
1714.0,1.08973
1715.0,1.08951
1716.0,1.08928
1717.0,1.08906
1718.0,1.08883
1719.0,1.08861
1720.0,1.08838
1721.0,1.08816
1722.0,1.08794
1723.0,1.08771
1724.0,1.08749
1725.0,1.08727
1726.0,1.08704
1727.0,1.08682
1728.0,1.0866
1729.0,1.08637
1730.0,1.08615
1731.0,1.08593
1732.0,1.08571
1733.0,1.08548
1734.0,1.08526
1735.0,1.08504
1736.0,1.08482
1737.0,1.0846
1738.0,1.08438
1739.0,1.08415
1740.0,1.08393
1741.0,1.08371
1742.0,1.08349
1743.0,1.08327
1744.0,1.08305
1745.0,1.08283
1746.0,1.08261
1747.0,1.08239
1748.0,1.08217
1749.0,1.08195
1750.0,1.08173
1751.0,1.08151
1752.0,1.0813
1753.0,1.08108
1754.0,1.08086
1755.0,1.08064
1756.0,1.08042
1757.0,1.0802
1758.0,1.07999
1759.0,1.07977
1760.0,1.07955
1761.0,1.07933
1762.0,1.07912
1763.0,1.0789
1764.0,1.07868
1765.0,1.07847
1766.0,1.07825
1767.0,1.07803
1768.0,1.07782
1769.0,1.0776
1770.0,1.07739
1771.0,1.07717
1772.0,1.07695
1773.0,1.07674
1774.0,1.07652
1775.0,1.07631
1776.0,1.07609
1777.0,1.07588
1778.0,1.07566
1779.0,1.07545
1780.0,1.07524
1781.0,1.07502
1782.0,1.07481
1783.0,1.07459
1784.0,1.07438
1785.0,1.07417
1786.0,1.07395
1787.0,1.07374
1788.0,1.07353
1789.0,1.07332
1790.0,1.0731
1791.0,1.07289
1792.0,1.07268
1793.0,1.07247
1794.0,1.07226
1795.0,1.07204
1796.0,1.07183
1797.0,1.07162
1798.0,1.07141
1799.0,1.0712
1800.0,1.07099
1801.0,1.07078
1802.0,1.07057
1803.0,1.07036
1804.0,1.07015
1805.0,1.06994
1806.0,1.06973
1807.0,1.06952
1808.0,1.06931
1809.0,1.0691
1810.0,1.06889
1811.0,1.06868
1812.0,1.06847
1813.0,1.06826
1814.0,1.06805
1815.0,1.06784
1816.0,1.06763
1817.0,1.06743
1818.0,1.06722
1819.0,1.06701
1820.0,1.0668
1821.0,1.0666
1822.0,1.06639
1823.0,1.06618
1824.0,1.06597
1825.0,1.06577
1826.0,1.06556
1827.0,1.06535
1828.0,1.06515
1829.0,1.06494
1830.0,1.06473
1831.0,1.06453
1832.0,1.06432
1833.0,1.06412
1834.0,1.06391
1835.0,1.06371
1836.0,1.0635
1837.0,1.0633
1838.0,1.06309
1839.0,1.06289
1840.0,1.06268
1841.0,1.06248
1842.0,1.06227
1843.0,1.06207
1844.0,1.06186
1845.0,1.06166
1846.0,1.06146
1847.0,1.06125
1848.0,1.06105
1849.0,1.06085
1850.0,1.06064
1851.0,1.06044
1852.0,1.06024
1853.0,1.06003
1854.0,1.05983
1855.0,1.05963
1856.0,1.05943
1857.0,1.05922
1858.0,1.05902
1859.0,1.05882
1860.0,1.05862
1861.0,1.05842
1862.0,1.05822
1863.0,1.05801
1864.0,1.05781
1865.0,1.05761
1866.0,1.05741
1867.0,1.05721
1868.0,1.05701
1869.0,1.05681
1870.0,1.05661
1871.0,1.05641
1872.0,1.05621
1873.0,1.05601
1874.0,1.05581
1875.0,1.05561
1876.0,1.05541
1877.0,1.05521
1878.0,1.05501
1879.0,1.05482
1880.0,1.05462
1881.0,1.05442
1882.0,1.05422
1883.0,1.05402
1884.0,1.05382
1885.0,1.05363
1886.0,1.05343
1887.0,1.05323
1888.0,1.05303
1889.0,1.05283
1890.0,1.05264
1891.0,1.05244
1892.0,1.05224
1893.0,1.05205
1894.0,1.05185
1895.0,1.05165
1896.0,1.05146
1897.0,1.05126
1898.0,1.05106
1899.0,1.05087
1900.0,1.05067
1901.0,1.05048
1902.0,1.05028
1903.0,1.05009
1904.0,1.04989
1905.0,1.04969
1906.0,1.0495
1907.0,1.0493
1908.0,1.04911
1909.0,1.04892
1910.0,1.04872
1911.0,1.04853
1912.0,1.04833
1913.0,1.04814
1914.0,1.04794
1915.0,1.04775
1916.0,1.04756
1917.0,1.04736
1918.0,1.04717
1919.0,1.04698
1920.0,1.04678
1921.0,1.04659
1922.0,1.0464
1923.0,1.04621
1924.0,1.04601
1925.0,1.04582
1926.0,1.04563
1927.0,1.04544
1928.0,1.04524
1929.0,1.04505
1930.0,1.04486
1931.0,1.04467
1932.0,1.04448
1933.0,1.04429
1934.0,1.04409
1935.0,1.0439
1936.0,1.04371
1937.0,1.04352
1938.0,1.04333
1939.0,1.04314
1940.0,1.04295
1941.0,1.04276
1942.0,1.04257
1943.0,1.04238
1944.0,1.04219
1945.0,1.042
1946.0,1.04181
1947.0,1.04162
1948.0,1.04143
1949.0,1.04124
1950.0,1.04105
1951.0,1.04086
1952.0,1.04068
1953.0,1.04049
1954.0,1.0403
1955.0,1.04011
1956.0,1.03992
1957.0,1.03973
1958.0,1.03955
1959.0,1.03936
1960.0,1.03917
1961.0,1.03898
1962.0,1.0388
1963.0,1.03861
1964.0,1.03842
1965.0,1.03823
1966.0,1.03805
1967.0,1.03786
1968.0,1.03767
1969.0,1.03749
1970.0,1.0373
1971.0,1.03711
1972.0,1.03693
1973.0,1.03674
1974.0,1.03656
1975.0,1.03637
1976.0,1.03618
1977.0,1.036
1978.0,1.03581
1979.0,1.03563
1980.0,1.03544
1981.0,1.03526
1982.0,1.03507
1983.0,1.03489
1984.0,1.0347
1985.0,1.03452
1986.0,1.03433
1987.0,1.03415
1988.0,1.03397
1989.0,1.03378
1990.0,1.0336
1991.0,1.03341
1992.0,1.03323
1993.0,1.03305
1994.0,1.03286
1995.0,1.03268
1996.0,1.0325
1997.0,1.03231
1998.0,1.03213
1999.0,1.03195
2000.0,1.03177
2001.0,1.03158
2002.0,1.0314
2003.0,1.03122
2004.0,1.03104
2005.0,1.03086
2006.0,1.03067
2007.0,1.03049
2008.0,1.03031
2009.0,1.03013
2010.0,1.02995
2011.0,1.02977
2012.0,1.02958
2013.0,1.0294
2014.0,1.02922
2015.0,1.02904
2016.0,1.02886
2017.0,1.02868
2018.0,1.0285
2019.0,1.02832
2020.0,1.02814
2021.0,1.02796
2022.0,1.02778
2023.0,1.0276
2024.0,1.02742
2025.0,1.02724
2026.0,1.02706
2027.0,1.02688
2028.0,1.0267
2029.0,1.02652
2030.0,1.02635
2031.0,1.02617
2032.0,1.02599
2033.0,1.02581
2034.0,1.02563
2035.0,1.02545
2036.0,1.02527
2037.0,1.0251
2038.0,1.02492
2039.0,1.02474
2040.0,1.02456
2041.0,1.02438
2042.0,1.02421
2043.0,1.02403
2044.0,1.02385
2045.0,1.02368
2046.0,1.0235
2047.0,1.02332
2048.0,1.02314
2049.0,1.02297
2050.0,1.02279
2051.0,1.02261
2052.0,1.02244
2053.0,1.02226
2054.0,1.02209
2055.0,1.02191
2056.0,1.02173
2057.0,1.02156
2058.0,1.02138
2059.0,1.02121
2060.0,1.02103
2061.0,1.02086
2062.0,1.02068
2063.0,1.02051
2064.0,1.02033
2065.0,1.02016
2066.0,1.01998
2067.0,1.01981
2068.0,1.01963
2069.0,1.01946
2070.0,1.01928
2071.0,1.01911
2072.0,1.01894
2073.0,1.01876
2074.0,1.01859
2075.0,1.01841
2076.0,1.01824
2077.0,1.01807
2078.0,1.01789
2079.0,1.01772
2080.0,1.01755
2081.0,1.01737
2082.0,1.0172
2083.0,1.01703
2084.0,1.01686
2085.0,1.01668
2086.0,1.01651
2087.0,1.01634
2088.0,1.01617
2089.0,1.016
2090.0,1.01582
2091.0,1.01565
2092.0,1.01548
2093.0,1.01531
2094.0,1.01514
2095.0,1.01496
2096.0,1.01479
2097.0,1.01462
2098.0,1.01445
2099.0,1.01428
2100.0,1.01411
2101.0,1.01394
2102.0,1.01377
2103.0,1.0136
2104.0,1.01343
2105.0,1.01326
2106.0,1.01309
2107.0,1.01292
2108.0,1.01275
2109.0,1.01258
2110.0,1.01241
2111.0,1.01224
2112.0,1.01207
2113.0,1.0119
2114.0,1.01173
2115.0,1.01156
2116.0,1.01139
2117.0,1.01122
2118.0,1.01105
2119.0,1.01088
2120.0,1.01072
2121.0,1.01055
2122.0,1.01038
2123.0,1.01021
2124.0,1.01004
2125.0,1.00987
2126.0,1.00971
2127.0,1.00954
2128.0,1.00937
2129.0,1.0092
2130.0,1.00903
2131.0,1.00887
2132.0,1.0087
2133.0,1.00853
2134.0,1.00837
2135.0,1.0082
2136.0,1.00803
2137.0,1.00786
2138.0,1.0077
2139.0,1.00753
2140.0,1.00736
2141.0,1.0072
2142.0,1.00703
2143.0,1.00687
2144.0,1.0067
2145.0,1.00653
2146.0,1.00637
2147.0,1.0062
2148.0,1.00604
2149.0,1.00587
2150.0,1.00571
2151.0,1.00554
2152.0,1.00537
2153.0,1.00521
2154.0,1.00504
2155.0,1.00488
2156.0,1.00471
2157.0,1.00455
2158.0,1.00439
2159.0,1.00422
2160.0,1.00406
2161.0,1.00389
2162.0,1.00373
2163.0,1.00356
2164.0,1.0034
2165.0,1.00324
2166.0,1.00307
2167.0,1.00291
2168.0,1.00274
2169.0,1.00258
2170.0,1.00242
2171.0,1.00225
2172.0,1.00209
2173.0,1.00193
2174.0,1.00177
2175.0,1.0016
2176.0,1.00144
2177.0,1.00128
2178.0,1.00111
2179.0,1.00095
2180.0,1.00079
2181.0,1.00063
2182.0,1.00047
2183.0,1.0003
2184.0,1.00014
2185.0,0.999979
2186.0,0.999818
2187.0,0.999656
2188.0,0.999494
2189.0,0.999333
2190.0,0.999172
2191.0,0.99901
2192.0,0.998849
2193.0,0.998688
2194.0,0.998527
2195.0,0.998366
2196.0,0.998205
2197.0,0.998045
2198.0,0.997884
2199.0,0.997724
2200.0,0.997563
2201.0,0.997403
2202.0,0.997243
2203.0,0.997083
2204.0,0.996923
2205.0,0.996763
2206.0,0.996603
2207.0,0.996444
2208.0,0.996284
2209.0,0.996125
2210.0,0.995965
2211.0,0.995806
2212.0,0.995647
2213.0,0.995488
2214.0,0.995329
2215.0,0.99517
2216.0,0.995011
2217.0,0.994853
2218.0,0.994694
2219.0,0.994535
2220.0,0.994377
2221.0,0.994219
2222.0,0.994061
2223.0,0.993903
2224.0,0.993745
2225.0,0.993587
2226.0,0.993429
2227.0,0.993271
2228.0,0.993113
2229.0,0.992956
2230.0,0.992799
2231.0,0.992641
2232.0,0.992484
2233.0,0.992327
2234.0,0.99217
2235.0,0.992013
2236.0,0.991856
2237.0,0.991699
2238.0,0.991543
2239.0,0.991386
2240.0,0.99123
2241.0,0.991073
2242.0,0.990917
2243.0,0.990761
2244.0,0.990605
2245.0,0.990449
2246.0,0.990293
2247.0,0.990137
2248.0,0.989981
2249.0,0.989826
2250.0,0.98967
2251.0,0.989515
2252.0,0.989359
2253.0,0.989204
2254.0,0.989049
2255.0,0.988894
2256.0,0.988739
2257.0,0.988584
2258.0,0.988429
2259.0,0.988275
2260.0,0.98812
2261.0,0.987966
2262.0,0.987811
2263.0,0.987657
2264.0,0.987503
2265.0,0.987349
2266.0,0.987195
2267.0,0.987041
2268.0,0.986887
2269.0,0.986733
2270.0,0.98658
2271.0,0.986426
2272.0,0.986273
2273.0,0.986119
2274.0,0.985966
2275.0,0.985813
2276.0,0.98566
2277.0,0.985507
2278.0,0.985354
2279.0,0.985201
2280.0,0.985048
2281.0,0.984895
2282.0,0.984743
2283.0,0.98459
2284.0,0.984438
2285.0,0.984286
2286.0,0.984134
2287.0,0.983982
2288.0,0.98383
2289.0,0.983678
2290.0,0.983526
2291.0,0.983374
2292.0,0.983222
2293.0,0.983071
2294.0,0.982919
2295.0,0.982768
2296.0,0.982617
2297.0,0.982466
2298.0,0.982314
2299.0,0.982163
2300.0,0.982013
2301.0,0.981862
2302.0,0.981711
2303.0,0.98156
2304.0,0.98141
2305.0,0.981259
2306.0,0.981109
2307.0,0.980959
2308.0,0.980808
2309.0,0.980658
2310.0,0.980508
2311.0,0.980358
2312.0,0.980208
2313.0,0.980059
2314.0,0.979909
2315.0,0.979759
2316.0,0.97961
2317.0,0.97946
2318.0,0.979311
2319.0,0.979162
2320.0,0.979013
2321.0,0.978864
2322.0,0.978715
2323.0,0.978566
2324.0,0.978417
2325.0,0.978268
2326.0,0.97812
2327.0,0.977971
2328.0,0.977823
2329.0,0.977674
2330.0,0.977526
2331.0,0.977378
2332.0,0.97723
2333.0,0.977082
2334.0,0.976934
2335.0,0.976786
2336.0,0.976638
2337.0,0.97649
2338.0,0.976343
2339.0,0.976195
2340.0,0.976048
2341.0,0.975901
2342.0,0.975753
2343.0,0.975606
2344.0,0.975459
2345.0,0.975312
2346.0,0.975165
2347.0,0.975018
2348.0,0.974872
2349.0,0.974725
2350.0,0.974578
2351.0,0.974432
2352.0,0.974286
2353.0,0.974139
2354.0,0.973993
2355.0,0.973847
2356.0,0.973701
2357.0,0.973555
2358.0,0.973409
2359.0,0.973263
2360.0,0.973117
2361.0,0.972972
2362.0,0.972826
2363.0,0.972681
2364.0,0.972535
2365.0,0.97239
2366.0,0.972245
2367.0,0.9721
2368.0,0.971955
2369.0,0.97181
2370.0,0.971665
2371.0,0.97152
2372.0,0.971375
2373.0,0.971231
2374.0,0.971086
2375.0,0.970942
2376.0,0.970797
2377.0,0.970653
2378.0,0.970509
2379.0,0.970365
2380.0,0.970221
2381.0,0.970077
2382.0,0.969933
2383.0,0.969789
2384.0,0.969645
2385.0,0.969502
2386.0,0.969358
2387.0,0.969215
2388.0,0.969071
2389.0,0.968928
2390.0,0.968785
2391.0,0.968642
2392.0,0.968498
2393.0,0.968355
2394.0,0.968213
2395.0,0.96807
2396.0,0.967927
2397.0,0.967784
2398.0,0.967642
2399.0,0.967499
2400.0,0.967357
2401.0,0.967215
2402.0,0.967072
2403.0,0.96693
2404.0,0.966788
2405.0,0.966646
2406.0,0.966504
2407.0,0.966362
2408.0,0.96622
2409.0,0.966079
2410.0,0.965937
2411.0,0.965796
2412.0,0.965654
2413.0,0.965513
2414.0,0.965371
2415.0,0.96523
2416.0,0.965089
2417.0,0.964948
2418.0,0.964807
2419.0,0.964666
2420.0,0.964525
2421.0,0.964385
2422.0,0.964244
2423.0,0.964103
2424.0,0.963963
2425.0,0.963822
2426.0,0.963682
2427.0,0.963542
2428.0,0.963402
2429.0,0.963262
2430.0,0.963122
2431.0,0.962982
2432.0,0.962842
2433.0,0.962702
2434.0,0.962562
2435.0,0.962423
2436.0,0.962283
2437.0,0.962144
2438.0,0.962004
2439.0,0.961865
2440.0,0.961726
2441.0,0.961586
2442.0,0.961447
2443.0,0.961308
2444.0,0.961169
2445.0,0.961031
2446.0,0.960892
2447.0,0.960753
2448.0,0.960614
2449.0,0.960476
2450.0,0.960337
2451.0,0.960199
2452.0,0.960061
2453.0,0.959922
2454.0,0.959784
2455.0,0.959646
2456.0,0.959508
2457.0,0.95937
2458.0,0.959232
2459.0,0.959095
2460.0,0.958957
2461.0,0.958819
2462.0,0.958682
2463.0,0.958544
2464.0,0.958407
2465.0,0.95827
2466.0,0.958132
2467.0,0.957995
2468.0,0.957858
2469.0,0.957721
2470.0,0.957584
2471.0,0.957447
2472.0,0.95731
2473.0,0.957174
2474.0,0.957037
2475.0,0.9569
2476.0,0.956764
2477.0,0.956628
2478.0,0.956491
2479.0,0.956355
2480.0,0.956219
2481.0,0.956083
2482.0,0.955947
2483.0,0.955811
2484.0,0.955675
2485.0,0.955539
2486.0,0.955403
2487.0,0.955267
2488.0,0.955132
2489.0,0.954996
2490.0,0.954861
2491.0,0.954725
2492.0,0.95459
2493.0,0.954455
2494.0,0.95432
2495.0,0.954185
2496.0,0.95405
2497.0,0.953915
2498.0,0.95378
2499.0,0.953645
2500.0,0.95351
2501.0,0.953376
2502.0,0.953241
2503.0,0.953107
2504.0,0.952972
2505.0,0.952838
2506.0,0.952704
2507.0,0.952569
2508.0,0.952435
2509.0,0.952301
2510.0,0.952167
2511.0,0.952033
2512.0,0.9519
2513.0,0.951766
2514.0,0.951632
2515.0,0.951498
2516.0,0.951365
2517.0,0.951231
2518.0,0.951098
2519.0,0.950965
2520.0,0.950831
2521.0,0.950698
2522.0,0.950565
2523.0,0.950432
2524.0,0.950299
2525.0,0.950166
2526.0,0.950033
2527.0,0.949901
2528.0,0.949768
2529.0,0.949635
2530.0,0.949503
2531.0,0.94937
2532.0,0.949238
2533.0,0.949106
2534.0,0.948973
2535.0,0.948841
2536.0,0.948709
2537.0,0.948577
2538.0,0.948445
2539.0,0.948313
2540.0,0.948181
2541.0,0.94805
2542.0,0.947918
2543.0,0.947786
2544.0,0.947655
2545.0,0.947523
2546.0,0.947392
2547.0,0.947261
2548.0,0.947129
2549.0,0.946998
2550.0,0.946867
2551.0,0.946736
2552.0,0.946605
2553.0,0.946474
2554.0,0.946343
2555.0,0.946212
2556.0,0.946082
2557.0,0.945951
2558.0,0.94582
2559.0,0.94569
2560.0,0.945559
2561.0,0.945429
2562.0,0.945299
2563.0,0.945169
2564.0,0.945038
2565.0,0.944908
2566.0,0.944778
2567.0,0.944648
2568.0,0.944519
2569.0,0.944389
2570.0,0.944259
2571.0,0.944129
2572.0,0.944
2573.0,0.94387
2574.0,0.943741
2575.0,0.943611
2576.0,0.943482
2577.0,0.943353
2578.0,0.943224
2579.0,0.943094
2580.0,0.942965
2581.0,0.942836
2582.0,0.942707
2583.0,0.942579
2584.0,0.94245
2585.0,0.942321
2586.0,0.942192
2587.0,0.942064
2588.0,0.941935
2589.0,0.941807
2590.0,0.941679
2591.0,0.94155
2592.0,0.941422
2593.0,0.941294
2594.0,0.941166
2595.0,0.941038
2596.0,0.94091
2597.0,0.940782
2598.0,0.940654
2599.0,0.940526
2600.0,0.940398
2601.0,0.940271
2602.0,0.940143
2603.0,0.940016
2604.0,0.939888
2605.0,0.939761
2606.0,0.939634
2607.0,0.939506
2608.0,0.939379
2609.0,0.939252
2610.0,0.939125
2611.0,0.938998
2612.0,0.938871
2613.0,0.938744
2614.0,0.938618
2615.0,0.938491
2616.0,0.938364
2617.0,0.938238
2618.0,0.938111
2619.0,0.937985
2620.0,0.937858
2621.0,0.937732
2622.0,0.937606
2623.0,0.93748
2624.0,0.937353
2625.0,0.937227
2626.0,0.937101
2627.0,0.936975
2628.0,0.93685
2629.0,0.936724
2630.0,0.936598
2631.0,0.936472
2632.0,0.936347
2633.0,0.936221
2634.0,0.936096
2635.0,0.93597
2636.0,0.935845
2637.0,0.93572
2638.0,0.935595
2639.0,0.93547
2640.0,0.935344
2641.0,0.935219
2642.0,0.935094
2643.0,0.93497
2644.0,0.934845
2645.0,0.93472
2646.0,0.934595
2647.0,0.934471
2648.0,0.934346
2649.0,0.934222
2650.0,0.934097
2651.0,0.933973
2652.0,0.933849
2653.0,0.933724
2654.0,0.9336
2655.0,0.933476
2656.0,0.933352
2657.0,0.933228
2658.0,0.933104
2659.0,0.93298
2660.0,0.932856
2661.0,0.932733
2662.0,0.932609
2663.0,0.932485
2664.0,0.932362
2665.0,0.932238
2666.0,0.932115
2667.0,0.931992
2668.0,0.931868
2669.0,0.931745
2670.0,0.931622
2671.0,0.931499
2672.0,0.931376
2673.0,0.931253
2674.0,0.93113
2675.0,0.931007
2676.0,0.930884
2677.0,0.930761
2678.0,0.930639
2679.0,0.930516
2680.0,0.930394
2681.0,0.930271
2682.0,0.930149
2683.0,0.930026
2684.0,0.929904
2685.0,0.929782
2686.0,0.92966
2687.0,0.929538
2688.0,0.929415
2689.0,0.929293
2690.0,0.929172
2691.0,0.92905
2692.0,0.928928
2693.0,0.928806
2694.0,0.928685
2695.0,0.928563
2696.0,0.928441
2697.0,0.92832
2698.0,0.928198
2699.0,0.928077
2700.0,0.927956
2701.0,0.927834
2702.0,0.927713
2703.0,0.927592
2704.0,0.927471
2705.0,0.92735
2706.0,0.927229
2707.0,0.927108
2708.0,0.926987
2709.0,0.926867
2710.0,0.926746
2711.0,0.926625
2712.0,0.926505
2713.0,0.926384
2714.0,0.926264
2715.0,0.926143
2716.0,0.926023
2717.0,0.925903
2718.0,0.925783
2719.0,0.925662
2720.0,0.925542
2721.0,0.925422
2722.0,0.925302
2723.0,0.925182
2724.0,0.925063
2725.0,0.924943
2726.0,0.924823
2727.0,0.924703
2728.0,0.924584
2729.0,0.924464
2730.0,0.924345
2731.0,0.924225
2732.0,0.924106
2733.0,0.923987
2734.0,0.923867
2735.0,0.923748
2736.0,0.923629
2737.0,0.92351
2738.0,0.923391
2739.0,0.923272
2740.0,0.923153
2741.0,0.923034
2742.0,0.922915
2743.0,0.922797
2744.0,0.922678
2745.0,0.922559
2746.0,0.922441
2747.0,0.922322
2748.0,0.922204
2749.0,0.922085
2750.0,0.921967
2751.0,0.921849
2752.0,0.921731
2753.0,0.921613
2754.0,0.921494
2755.0,0.921376
2756.0,0.921258
2757.0,0.921141
2758.0,0.921023
2759.0,0.920905
2760.0,0.920787
2761.0,0.92067
2762.0,0.920552
2763.0,0.920434
2764.0,0.920317
2765.0,0.920199
2766.0,0.920082
2767.0,0.919965
2768.0,0.919847
2769.0,0.91973
2770.0,0.919613
2771.0,0.919496
2772.0,0.919379
2773.0,0.919262
2774.0,0.919145
2775.0,0.919028
2776.0,0.918911
2777.0,0.918795
2778.0,0.918678
2779.0,0.918561
2780.0,0.918445
2781.0,0.918328
2782.0,0.918212
2783.0,0.918095
2784.0,0.917979
2785.0,0.917863
2786.0,0.917746
2787.0,0.91763
2788.0,0.917514
2789.0,0.917398
2790.0,0.917282
2791.0,0.917166
2792.0,0.91705
2793.0,0.916934
2794.0,0.916818
2795.0,0.916703
2796.0,0.916587
2797.0,0.916471
2798.0,0.916356
2799.0,0.91624
2800.0,0.916125
2801.0,0.91601
2802.0,0.915894
2803.0,0.915779
2804.0,0.915664
2805.0,0.915549
2806.0,0.915433
2807.0,0.915318
2808.0,0.915203
2809.0,0.915088
2810.0,0.914974
2811.0,0.914859
2812.0,0.914744
2813.0,0.914629
2814.0,0.914514
2815.0,0.9144
2816.0,0.914285
2817.0,0.914171
2818.0,0.914056
2819.0,0.913942
2820.0,0.913828
2821.0,0.913713
2822.0,0.913599
2823.0,0.913485
2824.0,0.913371
2825.0,0.913257
2826.0,0.913143
2827.0,0.913029
2828.0,0.912915
2829.0,0.912801
2830.0,0.912687
2831.0,0.912574
2832.0,0.91246
2833.0,0.912346
2834.0,0.912233
2835.0,0.912119
2836.0,0.912006
2837.0,0.911892
2838.0,0.911779
2839.0,0.911666
2840.0,0.911552
2841.0,0.911439
2842.0,0.911326
2843.0,0.911213
2844.0,0.9111
2845.0,0.910987
2846.0,0.910874
2847.0,0.910761
2848.0,0.910648
2849.0,0.910536
2850.0,0.910423
2851.0,0.91031
2852.0,0.910198
2853.0,0.910085
2854.0,0.909973
2855.0,0.90986
2856.0,0.909748
2857.0,0.909636
2858.0,0.909523
2859.0,0.909411
2860.0,0.909299
2861.0,0.909187
2862.0,0.909075
2863.0,0.908963
2864.0,0.908851
2865.0,0.908739
2866.0,0.908627
2867.0,0.908515
2868.0,0.908403
2869.0,0.908292
2870.0,0.90818
2871.0,0.908069
2872.0,0.907957
2873.0,0.907846
2874.0,0.907734
2875.0,0.907623
2876.0,0.907511
2877.0,0.9074
2878.0,0.907289
2879.0,0.907178
2880.0,0.907067
2881.0,0.906956
2882.0,0.906845
2883.0,0.906734
2884.0,0.906623
2885.0,0.906512
2886.0,0.906401
2887.0,0.90629
2888.0,0.90618
2889.0,0.906069
2890.0,0.905959
2891.0,0.905848
2892.0,0.905737
2893.0,0.905627
2894.0,0.905517
2895.0,0.905406
2896.0,0.905296
2897.0,0.905186
2898.0,0.905076
2899.0,0.904966
2900.0,0.904856
2901.0,0.904745
2902.0,0.904636
2903.0,0.904526
2904.0,0.904416
2905.0,0.904306
2906.0,0.904196
2907.0,0.904086
2908.0,0.903977
2909.0,0.903867
2910.0,0.903758
2911.0,0.903648
2912.0,0.903539
2913.0,0.903429
2914.0,0.90332
2915.0,0.903211
2916.0,0.903101
2917.0,0.902992
2918.0,0.902883
2919.0,0.902774
2920.0,0.902665
2921.0,0.902556
2922.0,0.902447
2923.0,0.902338
2924.0,0.902229
2925.0,0.902121
2926.0,0.902012
2927.0,0.901903
2928.0,0.901794
2929.0,0.901686
2930.0,0.901577
2931.0,0.901469
2932.0,0.90136
2933.0,0.901252
2934.0,0.901144
2935.0,0.901035
2936.0,0.900927
2937.0,0.900819
2938.0,0.900711
2939.0,0.900603
2940.0,0.900495
2941.0,0.900387
2942.0,0.900279
2943.0,0.900171
2944.0,0.900063
2945.0,0.899955
2946.0,0.899848
2947.0,0.89974
2948.0,0.899632
2949.0,0.899525
2950.0,0.899417
2951.0,0.89931
2952.0,0.899202
2953.0,0.899095
2954.0,0.898987
2955.0,0.89888
2956.0,0.898773
2957.0,0.898666
2958.0,0.898559
2959.0,0.898452
2960.0,0.898344
2961.0,0.898237
2962.0,0.898131
2963.0,0.898024
2964.0,0.897917
2965.0,0.89781
2966.0,0.897703
2967.0,0.897597
2968.0,0.89749
2969.0,0.897383
2970.0,0.897277
2971.0,0.89717
2972.0,0.897064
2973.0,0.896957
2974.0,0.896851
2975.0,0.896745
2976.0,0.896638
2977.0,0.896532
2978.0,0.896426
2979.0,0.89632
2980.0,0.896214
2981.0,0.896108
2982.0,0.896002
2983.0,0.895896
2984.0,0.89579
2985.0,0.895684
2986.0,0.895578
2987.0,0.895473
2988.0,0.895367
2989.0,0.895261
2990.0,0.895156
2991.0,0.89505
2992.0,0.894945
2993.0,0.894839
2994.0,0.894734
2995.0,0.894629
2996.0,0.894523
2997.0,0.894418
2998.0,0.894313
2999.0,0.894208
3000.0,0.894103


0.0,0.5
1.0,0.5
2.0,0.5
3.0,0.5
4.0,0.5
5.0,0.5
6.0,0.5
7.0,0.5
8.0,0.5
9.0,0.5
10.0,0.5
11.0,0.5
12.0,0.5
13.0,0.5
14.0,0.5
15.0,0.5
16.0,0.5
17.0,0.5
18.0,0.5
19.0,0.5
20.0,0.5
21.0,0.5
22.0,0.0
23.0,0.0
24.0,0.0
25.0,0.0
26.0,0.0
27.0,0.0
28.0,0.0
29.0,0.0
30.0,0.0
31.0,0.0
32.0,0.0
33.0,0.0
34.0,0.0
35.0,0.0
36.0,0.0
37.0,0.0
38.0,0.0
39.0,0.0
40.0,0.0
41.0,0.0
42.0,0.0
43.0,0.0
44.0,0.0
45.0,0.0
46.0,0.0
47.0,0.0
48.0,0.0
49.0,0.0
50.0,0.0
51.0,0.0
52.0,0.0
53.0,0.0
54.0,0.0
55.0,0.0
56.0,0.0
57.0,0.0
58.0,0.0
59.0,0.0
60.0,0.0
61.0,0.0
62.0,0.0
63.0,0.0
64.0,0.0
65.0,0.0
66.0,0.0
67.0,0.0
68.0,0.0
69.0,0.0
70.0,0.0
71.0,0.0
72.0,0.0
73.0,0.0
74.0,0.0
75.0,0.0
76.0,0.0
77.0,0.0
78.0,0.0
79.0,0.0
80.0,0.0
81.0,0.0
82.0,0.0
83.0,0.0
84.0,0.0
85.0,0.0
86.0,0.0
87.0,0.0
88.0,0.0
89.0,0.0
90.0,0.0
91.0,0.0
92.0,0.0
93.0,0.0
94.0,0.0
95.0,0.0
96.0,0.0
97.0,0.0
98.0,0.0
99.0,0.0
100.0,0.0
101.0,0.0
102.0,0.0
103.0,0.0
104.0,0.0
105.0,0.0
106.0,0.0
107.0,0.0
108.0,0.0
109.0,0.0
110.0,0.0
111.0,0.0
112.0,0.0
113.0,0.0
114.0,0.0
115.0,0.0
116.0,0.0
117.0,0.0
118.0,0.0
119.0,0.0
120.0,0.0
121.0,0.0
122.0,0.0
123.0,0.0
124.0,0.0
125.0,0.0
126.0,0.0
127.0,0.0
128.0,0.0
129.0,0.0
130.0,0.0
131.0,0.0
132.0,0.0
133.0,0.0
134.0,0.0
135.0,0.0
136.0,0.0
137.0,0.0
138.0,0.0
139.0,0.0
140.0,0.0
141.0,0.0
142.0,0.0
143.0,0.0
144.0,0.0
145.0,0.0
146.0,0.0
147.0,0.0
148.0,0.0
149.0,0.0
150.0,0.0
151.0,0.0
152.0,0.0
153.0,0.0
154.0,0.0
155.0,0.0
156.0,0.0
157.0,0.0
158.0,0.0
159.0,0.0
160.0,0.0
161.0,0.0
162.0,0.0
163.0,0.0
164.0,0.0
165.0,0.0
166.0,0.0
167.0,0.0
168.0,0.0
169.0,0.0
170.0,0.0
171.0,0.0
172.0,0.0
173.0,0.0
174.0,0.0
175.0,0.0
176.0,0.0
177.0,0.0
178.0,0.0
179.0,0.0
180.0,0.0
181.0,0.0
182.0,0.0
183.0,0.0
184.0,0.0
185.0,0.0
186.0,0.0
187.0,0.0
188.0,0.0
189.0,0.0
190.0,0.0
191.0,0.0
192.0,0.0
193.0,0.0
194.0,0.0
195.0,0.0
196.0,0.0
197.0,0.0
198.0,0.0
199.0,0.0
200.0,0.0
201.0,0.0
202.0,0.0
203.0,0.0
204.0,0.0
205.0,0.0
206.0,0.0
207.0,0.0
208.0,0.0
209.0,0.0
210.0,0.0
211.0,0.0
212.0,0.0
213.0,0.0
214.0,0.0
215.0,0.0
216.0,0.0
217.0,0.0
218.0,0.0
219.0,0.0
220.0,0.0
221.0,0.0
222.0,0.0
223.0,0.0
224.0,0.0
225.0,0.0
226.0,0.0
227.0,0.0
228.0,0.0
229.0,0.0
230.0,0.0
231.0,0.0
232.0,0.0
233.0,0.0
234.0,0.0
235.0,0.0
236.0,0.0
237.0,0.0
238.0,0.0
239.0,0.0
240.0,0.0
241.0,0.0
242.0,0.0
243.0,0.0
244.0,0.0
245.0,0.0
246.0,0.0
247.0,0.0
248.0,0.0
249.0,0.0
250.0,0.0
251.0,0.0
252.0,0.0
253.0,0.0
254.0,0.0
255.0,0.0
256.0,0.0
257.0,0.0
258.0,0.0
259.0,0.0
260.0,0.0
261.0,0.0
262.0,0.0
263.0,0.0
264.0,0.0
265.0,0.0
266.0,0.0
267.0,0.0
268.0,0.0
269.0,0.0
270.0,0.0
271.0,0.0
272.0,0.0
273.0,0.0
274.0,0.0
275.0,0.0
276.0,0.0
277.0,0.0
278.0,0.0
279.0,0.0
280.0,0.0
281.0,0.0
282.0,0.0
283.0,0.0
284.0,0.0
285.0,0.0
286.0,0.0
287.0,0.0
288.0,0.0
289.0,0.0
290.0,0.0
291.0,0.0
292.0,0.0
293.0,0.0
294.0,0.0
295.0,0.0
296.0,0.0
297.0,0.0
298.0,0.0
299.0,0.0
300.0,0.0
301.0,0.0
302.0,0.0
303.0,0.0
304.0,0.0
305.0,0.0
306.0,0.0
307.0,0.0
308.0,0.0
309.0,0.0
310.0,0.0
311.0,0.0
312.0,0.0
313.0,0.0
314.0,0.0
315.0,0.0
316.0,0.0
317.0,0.0
318.0,0.0
319.0,0.0
320.0,0.0
321.0,0.0
322.0,0.0
323.0,0.0
324.0,0.0
325.0,0.0
326.0,0.0
327.0,0.0
328.0,0.0
329.0,0.0
330.0,0.0
331.0,0.0
332.0,0.0
333.0,0.0
334.0,0.0
335.0,0.0
336.0,0.0
337.0,0.0
338.0,0.0
339.0,0.0
340.0,0.0
341.0,0.0
342.0,0.0
343.0,0.0
344.0,0.0
345.0,0.0
346.0,0.0
347.0,0.0
348.0,0.0
349.0,0.0
350.0,0.0
351.0,0.0
352.0,0.0
353.0,0.0
354.0,0.0
355.0,0.0
356.0,0.0
357.0,0.0
358.0,0.0
359.0,0.0
360.0,0.0
361.0,0.0
362.0,0.0
363.0,0.0
364.0,0.0
365.0,0.0
366.0,0.0
367.0,0.0
368.0,0.0
369.0,0.0
370.0,0.0
371.0,0.0
372.0,0.0
373.0,0.0
374.0,0.0
375.0,0.0
376.0,0.0
377.0,0.0
378.0,0.0
379.0,0.0
380.0,0.0
381.0,0.0
382.0,0.0
383.0,0.0
384.0,0.0
385.0,0.0
386.0,0.0
387.0,0.0
388.0,0.0
389.0,0.0
390.0,0.0
391.0,0.0
392.0,0.0
393.0,0.0
394.0,0.0
395.0,0.0
396.0,0.0
397.0,0.0
398.0,0.0
399.0,0.0
400.0,0.0
401.0,0.0
402.0,0.0
403.0,0.0
404.0,0.0
405.0,0.0
406.0,0.0
407.0,0.0
408.0,0.0
409.0,0.0
410.0,0.0
411.0,0.0
412.0,0.0
413.0,0.0
414.0,0.0
415.0,0.0
416.0,0.0
417.0,0.0
418.0,0.0
419.0,0.0
420.0,0.0
421.0,0.0
422.0,0.0
423.0,0.0
424.0,0.0
425.0,0.0
426.0,0.0
427.0,0.0
428.0,0.0
429.0,0.0
430.0,0.0
431.0,0.0
432.0,0.0
433.0,0.0
434.0,0.0
435.0,0.0
436.0,0.0
437.0,0.0
438.0,0.0
439.0,0.0
440.0,0.0
441.0,0.0
442.0,0.0
443.0,0.0
444.0,0.0
445.0,0.0
446.0,0.0
447.0,0.0
448.0,0.0
449.0,0.0
450.0,0.0
451.0,0.0
452.0,0.0
453.0,0.0
454.0,0.0
455.0,0.0
456.0,0.0
457.0,0.0
458.0,0.0
459.0,0.0
460.0,0.0
461.0,0.0
462.0,0.0
463.0,0.0
464.0,0.0
465.0,0.0
466.0,0.0
467.0,0.0
468.0,0.0
469.0,0.0
470.0,0.0
471.0,0.0
472.0,0.0
473.0,0.0
474.0,0.0
475.0,0.0
476.0,0.0
477.0,0.0
478.0,0.0
479.0,0.0
480.0,0.0
481.0,0.0
482.0,0.0
483.0,0.0
484.0,0.0
485.0,0.0
486.0,0.0
487.0,0.0
488.0,0.0
489.0,0.0
490.0,0.0
491.0,0.0
492.0,0.0
493.0,0.0
494.0,0.0
495.0,0.0
496.0,0.0
497.0,0.0
498.0,0.0
499.0,0.0
500.0,0.0
501.0,0.0
502.0,0.0
503.0,0.0
504.0,0.0
505.0,0.0
506.0,0.0
507.0,0.0
508.0,0.0
509.0,0.0
510.0,0.0
511.0,0.0
512.0,0.0
513.0,0.0
514.0,0.0
515.0,0.0
516.0,0.0
517.0,0.0
518.0,0.0
519.0,0.0
520.0,0.0
521.0,0.0
522.0,0.0
523.0,0.0
524.0,0.0
525.0,0.0
526.0,0.0
527.0,0.0
528.0,0.0
529.0,0.0
530.0,0.0
531.0,0.0
532.0,0.0
533.0,0.0
534.0,0.0
535.0,0.0
536.0,0.0
537.0,0.0
538.0,0.0
539.0,0.0
540.0,0.0
541.0,0.0
542.0,0.0
543.0,0.0
544.0,0.0
545.0,0.0
546.0,0.0
547.0,0.0
548.0,0.0
549.0,0.0
550.0,0.0
551.0,0.0
552.0,0.0
553.0,0.0
554.0,0.0
555.0,0.0
556.0,0.0
557.0,0.0
558.0,0.0
559.0,0.0
560.0,0.0
561.0,0.0
562.0,0.0
563.0,0.0
564.0,0.0
565.0,0.0
566.0,0.0
567.0,0.0
568.0,0.0
569.0,0.0
570.0,0.0
571.0,0.0
572.0,0.0
573.0,0.0
574.0,0.0
575.0,0.0
576.0,0.0
577.0,0.0
578.0,0.0
579.0,0.0
580.0,0.0
581.0,0.0
582.0,0.0
583.0,0.0
584.0,0.0
585.0,0.0
586.0,0.0
587.0,0.0
588.0,0.0
589.0,0.0
590.0,0.0
591.0,0.0
592.0,0.0
593.0,0.0
594.0,0.0
595.0,0.0
596.0,0.0
597.0,0.0
598.0,0.0
599.0,0.0
600.0,0.0
601.0,0.0
602.0,0.0
603.0,0.0
604.0,0.0
605.0,0.0
606.0,0.0
607.0,0.0
608.0,0.0
609.0,0.0
610.0,0.0
611.0,0.0
612.0,0.0
613.0,0.0
614.0,0.0
615.0,0.0
616.0,0.0
617.0,0.0
618.0,0.0
619.0,0.0
620.0,0.0
621.0,0.0
622.0,0.0
623.0,0.0
624.0,0.0
625.0,0.0
626.0,0.0
627.0,0.0
628.0,0.0
629.0,0.0
630.0,0.0
631.0,0.0
632.0,0.0
633.0,0.0
634.0,0.0
635.0,0.0
636.0,0.0
637.0,0.0
638.0,0.0
639.0,0.0
640.0,0.0
641.0,0.0
642.0,0.0
643.0,0.0
644.0,0.0
645.0,0.0
646.0,0.0
647.0,0.0
648.0,0.0
649.0,0.0
650.0,0.0
651.0,0.0
652.0,0.0
653.0,0.0
654.0,0.0
655.0,0.0
656.0,0.0
657.0,0.0
658.0,0.0
659.0,0.0
660.0,0.0
661.0,0.0
662.0,0.0
663.0,0.0
664.0,0.0
665.0,0.0
666.0,0.0
667.0,0.0
668.0,0.0
669.0,0.0
670.0,0.0
671.0,0.0
672.0,0.0
673.0,0.0
674.0,0.0
675.0,0.0
676.0,0.0
677.0,0.0
678.0,0.0
679.0,0.0
680.0,0.0
681.0,0.0
682.0,0.0
683.0,0.0
684.0,0.0
685.0,0.0
686.0,0.0
687.0,0.0
688.0,0.0
689.0,0.0
690.0,0.0
691.0,0.0
692.0,0.0
693.0,0.0
694.0,0.0
695.0,0.0
696.0,0.0
697.0,0.0
698.0,0.0
699.0,0.0
700.0,0.0
701.0,0.0
702.0,0.0
703.0,0.0
704.0,0.0
705.0,0.0
706.0,0.0
707.0,0.0
708.0,0.0
709.0,0.0
710.0,0.0
711.0,0.0
712.0,0.0
713.0,0.0
714.0,0.0
715.0,0.0
716.0,0.0
717.0,0.0
718.0,0.0
719.0,0.0
720.0,0.0
721.0,0.0
722.0,0.0
723.0,0.0
724.0,0.0
725.0,0.0
726.0,0.0
727.0,0.0
728.0,0.0
729.0,0.0
730.0,0.0
731.0,0.0
732.0,0.0
733.0,0.0
734.0,0.0
735.0,0.0
736.0,0.0
737.0,0.0
738.0,0.0
739.0,0.0
740.0,0.0
741.0,0.0
742.0,0.0
743.0,0.0
744.0,0.0
745.0,0.0
746.0,0.0
747.0,0.0
748.0,0.0
749.0,0.0
750.0,0.0
751.0,0.0
752.0,0.0
753.0,0.0
754.0,0.0
755.0,0.0
756.0,0.0
757.0,0.0
758.0,0.0
759.0,0.0
760.0,0.0
761.0,0.0
762.0,0.0
763.0,0.0
764.0,0.0
765.0,0.0
766.0,0.0
767.0,0.0
768.0,0.0
769.0,0.0
770.0,0.0
771.0,0.0
772.0,0.0
773.0,0.0
774.0,0.0
775.0,0.0
776.0,0.0
777.0,0.0
778.0,0.0
779.0,0.0
780.0,0.0
781.0,0.0
782.0,0.0
783.0,0.0
784.0,0.0
785.0,0.0
786.0,0.0
787.0,0.0
788.0,0.0
789.0,0.0
790.0,0.0
791.0,0.0
792.0,0.0
793.0,0.0
794.0,0.0
795.0,0.0
796.0,0.0
797.0,0.0
798.0,0.0
799.0,0.0
800.0,0.0
801.0,0.0
802.0,0.0
803.0,0.0
804.0,0.0
805.0,0.0
806.0,0.0
807.0,0.0
808.0,0.0
809.0,0.0
810.0,0.0
811.0,0.0
812.0,0.0
813.0,0.0
814.0,0.0
815.0,0.0
816.0,0.0
817.0,0.0
818.0,0.0
819.0,0.0
820.0,0.0
821.0,0.0
822.0,0.0
823.0,0.0
824.0,0.0
825.0,0.0
826.0,0.0
827.0,0.0
828.0,0.0
829.0,0.0
830.0,0.0
831.0,0.0
832.0,0.0
833.0,0.0
834.0,0.0
835.0,0.0
836.0,0.0
837.0,0.0
838.0,0.0
839.0,0.0
840.0,0.0
841.0,0.0
842.0,0.0
843.0,0.0
844.0,0.0
845.0,0.0
846.0,0.0
847.0,0.0
848.0,0.0
849.0,0.0
850.0,0.0
851.0,0.0
852.0,0.0
853.0,0.0
854.0,0.0
855.0,0.0
856.0,0.0
857.0,0.0
858.0,0.0
859.0,0.0
860.0,0.0
861.0,0.0
862.0,0.0
863.0,0.0
864.0,0.0
865.0,0.0
866.0,0.0
867.0,0.0
868.0,0.0
869.0,0.0
870.0,0.0
871.0,0.0
872.0,0.0
873.0,0.0
874.0,0.0
875.0,0.0
876.0,0.0
877.0,0.0
878.0,0.0
879.0,0.0
880.0,0.0
881.0,0.0
882.0,0.0
883.0,0.0
884.0,0.0
885.0,0.0
886.0,0.0
887.0,0.0
888.0,0.0
889.0,0.0
890.0,0.0
891.0,0.0
892.0,0.0
893.0,0.0
894.0,0.0
895.0,0.0
896.0,0.0
897.0,0.0
898.0,0.0
899.0,0.0
900.0,0.0
901.0,0.0
902.0,0.0
903.0,0.0
904.0,0.0
905.0,0.0
906.0,0.0
907.0,0.0
908.0,0.0
909.0,0.0
910.0,0.0
911.0,0.0
912.0,0.0
913.0,0.0
914.0,0.0
915.0,0.0
916.0,0.0
917.0,0.0
918.0,0.0
919.0,0.0
920.0,0.0
921.0,0.0
922.0,0.0
923.0,0.0
924.0,0.0
925.0,0.0
926.0,0.0
927.0,0.0
928.0,0.0
929.0,0.0
930.0,0.0
931.0,0.0
932.0,0.0
933.0,0.0
934.0,0.0
935.0,0.0
936.0,0.0
937.0,0.0
938.0,0.0
939.0,0.0
940.0,0.0
941.0,0.0
942.0,0.0
943.0,0.0
944.0,0.0
945.0,0.0
946.0,0.0
947.0,0.0
948.0,0.0
949.0,0.0
950.0,0.0
951.0,0.0
952.0,0.0
953.0,0.0
954.0,0.0
955.0,0.0
956.0,0.0
957.0,0.0
958.0,0.0
959.0,0.0
960.0,0.0
961.0,0.0
962.0,0.0
963.0,0.0
964.0,0.0
965.0,0.0
966.0,0.0
967.0,0.0
968.0,0.0
969.0,0.0
970.0,0.0
971.0,0.0
972.0,0.0
973.0,0.0
974.0,0.0
975.0,0.0
976.0,0.0
977.0,0.0
978.0,0.0
979.0,0.0
980.0,0.0
981.0,0.0
982.0,0.0
983.0,0.0
984.0,0.0
985.0,0.0
986.0,0.0
987.0,0.0
988.0,0.0
989.0,0.0
990.0,0.0
991.0,0.0
992.0,0.0
993.0,0.0
994.0,0.0
995.0,0.0
996.0,0.0
997.0,0.0
998.0,0.0
999.0,0.0
1000.0,0.0
1001.0,0.0
1002.0,0.0
1003.0,0.0
1004.0,0.0
1005.0,0.0
1006.0,0.0
1007.0,0.0
1008.0,0.0
1009.0,0.0
1010.0,0.0
1011.0,0.0
1012.0,0.0
1013.0,0.0
1014.0,0.0
1015.0,0.0
1016.0,0.0
1017.0,0.0
1018.0,0.0
1019.0,0.0
1020.0,0.0
1021.0,0.0
1022.0,0.0
1023.0,0.0
1024.0,0.0
1025.0,0.0
1026.0,0.0
1027.0,0.0
1028.0,0.0
1029.0,0.0
1030.0,0.0
1031.0,0.0
1032.0,0.0
1033.0,0.0
1034.0,0.0
1035.0,0.0
1036.0,0.0
1037.0,0.0
1038.0,0.0
1039.0,0.0
1040.0,0.0
1041.0,0.0
1042.0,0.0
1043.0,0.0
1044.0,0.0
1045.0,0.0
1046.0,0.0
1047.0,0.0
1048.0,0.0
1049.0,0.0
1050.0,0.0
1051.0,0.0
1052.0,0.0
1053.0,0.0
1054.0,0.0
1055.0,0.0
1056.0,0.0
1057.0,0.0
1058.0,0.0
1059.0,0.0
1060.0,0.0
1061.0,0.0
1062.0,0.0
1063.0,0.0
1064.0,0.0
1065.0,0.0
1066.0,0.0
1067.0,0.0
1068.0,0.0
1069.0,0.0
1070.0,0.0
1071.0,0.0
1072.0,0.0
1073.0,0.0
1074.0,0.0
1075.0,0.0
1076.0,0.0
1077.0,0.0
1078.0,0.0
1079.0,0.0
1080.0,0.0
1081.0,0.0
1082.0,0.0
1083.0,0.0
1084.0,0.0
1085.0,0.0
1086.0,0.0
1087.0,0.0
1088.0,0.0
1089.0,0.0
1090.0,0.0
1091.0,0.0
1092.0,0.0
1093.0,0.0
1094.0,0.0
1095.0,0.0
1096.0,0.0
1097.0,0.0
1098.0,0.0
1099.0,0.0
1100.0,0.0
1101.0,0.0
1102.0,0.0
1103.0,0.0
1104.0,0.0
1105.0,0.0
1106.0,0.0
1107.0,0.0
1108.0,0.0
1109.0,0.0
1110.0,0.0
1111.0,0.0
1112.0,0.0
1113.0,0.0
1114.0,0.0
1115.0,0.0
1116.0,0.0
1117.0,0.0
1118.0,0.0
1119.0,0.0
1120.0,0.0
1121.0,0.0
1122.0,0.0
1123.0,0.0
1124.0,0.0
1125.0,0.0
1126.0,0.0
1127.0,0.0
1128.0,0.0
1129.0,0.0
1130.0,0.0
1131.0,0.0
1132.0,0.0
1133.0,0.0
1134.0,0.0
1135.0,0.0
1136.0,0.0
1137.0,0.0
1138.0,0.0
1139.0,0.0
1140.0,0.0
1141.0,0.0
1142.0,0.0
1143.0,0.0
1144.0,0.0
1145.0,0.0
1146.0,0.0
1147.0,0.0
1148.0,0.0
1149.0,0.0
1150.0,0.0
1151.0,0.0
1152.0,0.0
1153.0,0.0
1154.0,0.0
1155.0,0.0
1156.0,0.0
1157.0,0.0
1158.0,0.0
1159.0,0.0
1160.0,0.0
1161.0,0.0
1162.0,0.0
1163.0,0.0
1164.0,0.0
1165.0,0.0
1166.0,0.0
1167.0,0.0
1168.0,0.0
1169.0,0.0
1170.0,0.0
1171.0,0.0
1172.0,0.0
1173.0,0.0
1174.0,0.0
1175.0,0.0
1176.0,0.0
1177.0,0.0
1178.0,0.0
1179.0,0.0
1180.0,0.0
1181.0,0.0
1182.0,0.0
1183.0,0.0
1184.0,0.0
1185.0,0.0
1186.0,0.0
1187.0,0.0
1188.0,0.0
1189.0,0.0
1190.0,0.0
1191.0,0.0
1192.0,0.0
1193.0,0.0
1194.0,0.0
1195.0,0.0
1196.0,0.0
1197.0,0.0
1198.0,0.0
1199.0,0.0
1200.0,0.0
1201.0,0.0
1202.0,0.0
1203.0,0.0
1204.0,0.0
1205.0,0.0
1206.0,0.0
1207.0,0.0
1208.0,0.0
1209.0,0.0
1210.0,0.0
1211.0,0.0
1212.0,0.0
1213.0,0.0
1214.0,0.0
1215.0,0.0
1216.0,0.0
1217.0,0.0
1218.0,0.0
1219.0,0.0
1220.0,0.0
1221.0,0.0
1222.0,0.0
1223.0,0.0
1224.0,0.0
1225.0,0.0
1226.0,0.0
1227.0,0.0
1228.0,0.0
1229.0,0.0
1230.0,0.0
1231.0,0.0
1232.0,0.0
1233.0,0.0
1234.0,0.0
1235.0,0.0
1236.0,0.0
1237.0,0.0
1238.0,0.0
1239.0,0.0
1240.0,0.0
1241.0,0.0
1242.0,0.0
1243.0,0.0
1244.0,0.0
1245.0,0.0
1246.0,0.0
1247.0,0.0
1248.0,0.0
1249.0,0.0
1250.0,0.0
1251.0,0.0
1252.0,0.0
1253.0,0.0
1254.0,0.0
1255.0,0.0
1256.0,0.0
1257.0,0.0
1258.0,0.0
1259.0,0.0
1260.0,0.0
1261.0,0.0
1262.0,0.0
1263.0,0.0
1264.0,0.0
1265.0,0.0
1266.0,0.0
1267.0,0.0
1268.0,0.0
1269.0,0.0
1270.0,0.0
1271.0,0.0
1272.0,0.0
1273.0,0.0
1274.0,0.0
1275.0,0.0
1276.0,0.0
1277.0,0.0
1278.0,0.0
1279.0,0.0
1280.0,0.0
1281.0,0.0
1282.0,0.0
1283.0,0.0
1284.0,0.0
1285.0,0.0
1286.0,0.0
1287.0,0.0
1288.0,0.0
1289.0,0.0
1290.0,0.0
1291.0,0.0
1292.0,0.0
1293.0,0.0
1294.0,0.0
1295.0,0.0
1296.0,0.0
1297.0,0.0
1298.0,0.0
1299.0,0.0
1300.0,0.0
1301.0,0.0
1302.0,0.0
1303.0,0.0
1304.0,0.0
1305.0,0.0
1306.0,0.0
1307.0,0.0
1308.0,0.0
1309.0,0.0
1310.0,0.0
1311.0,0.0
1312.0,0.0
1313.0,0.0
1314.0,0.0
1315.0,0.0
1316.0,0.0
1317.0,0.0
1318.0,0.0
1319.0,0.0
1320.0,0.0
1321.0,0.0
1322.0,0.0
1323.0,0.0
1324.0,0.0
1325.0,0.0
1326.0,0.0
1327.0,0.0
1328.0,0.0
1329.0,0.0
1330.0,0.0
1331.0,0.0
1332.0,0.0
1333.0,0.0
1334.0,0.0
1335.0,0.0
1336.0,0.0
1337.0,0.0
1338.0,0.0
1339.0,0.0
1340.0,0.0
1341.0,0.0
1342.0,0.0
1343.0,0.0
1344.0,0.0
1345.0,0.0
1346.0,0.0
1347.0,0.0
1348.0,0.0
1349.0,0.0
1350.0,0.0
1351.0,0.0
1352.0,0.0
1353.0,0.0
1354.0,0.0
1355.0,0.0
1356.0,0.0
1357.0,0.0
1358.0,0.0
1359.0,0.0
1360.0,0.0
1361.0,0.0
1362.0,0.0
1363.0,0.0
1364.0,0.0
1365.0,0.0
1366.0,0.0
1367.0,0.0
1368.0,0.0
1369.0,0.0
1370.0,0.0
1371.0,0.0
1372.0,0.0
1373.0,0.0
1374.0,0.0
1375.0,0.0
1376.0,0.0
1377.0,0.0
1378.0,0.0
1379.0,0.0
1380.0,0.0
1381.0,0.0
1382.0,0.0
1383.0,0.0
1384.0,0.0
1385.0,0.0
1386.0,0.0
1387.0,0.0
1388.0,0.0
1389.0,0.0
1390.0,0.0
1391.0,0.0
1392.0,0.0
1393.0,0.0
1394.0,0.0
1395.0,0.0
1396.0,0.0
1397.0,0.0
1398.0,0.0
1399.0,0.0
1400.0,0.0
1401.0,0.0
1402.0,0.0
1403.0,0.0
1404.0,0.0
1405.0,0.0
1406.0,0.0
1407.0,0.0
1408.0,0.0
1409.0,0.0
1410.0,0.0
1411.0,0.0
1412.0,0.0
1413.0,0.0
1414.0,0.0
1415.0,0.0
1416.0,0.0
1417.0,0.0
1418.0,0.0
1419.0,0.0
1420.0,0.0
1421.0,0.0
1422.0,0.0
1423.0,0.0
1424.0,0.0
1425.0,0.0
1426.0,0.0
1427.0,0.0
1428.0,0.0
1429.0,0.0
1430.0,0.0
1431.0,0.0
1432.0,0.0
1433.0,0.0
1434.0,0.0
1435.0,0.0
1436.0,0.0
1437.0,0.0
1438.0,0.0
1439.0,0.0
1440.0,0.0
1441.0,0.0
1442.0,0.0
1443.0,0.0
1444.0,0.0
1445.0,0.0
1446.0,0.0
1447.0,0.0
1448.0,0.0
1449.0,0.0
1450.0,0.0
1451.0,0.0
1452.0,0.0
1453.0,0.0
1454.0,0.0
1455.0,0.0
1456.0,0.0
1457.0,0.0
1458.0,0.0
1459.0,0.0
1460.0,0.0
1461.0,0.0
1462.0,0.0
1463.0,0.0
1464.0,0.0
1465.0,0.0
1466.0,0.0
1467.0,0.0
1468.0,0.0
1469.0,0.0
1470.0,0.0
1471.0,0.0
1472.0,0.0
1473.0,0.0
1474.0,0.0
1475.0,0.0
1476.0,0.0
1477.0,0.0
1478.0,0.0
1479.0,0.0
1480.0,0.0
1481.0,0.0
1482.0,0.0
1483.0,0.0
1484.0,0.0
1485.0,0.0
1486.0,0.0
1487.0,0.0
1488.0,0.0
1489.0,0.0
1490.0,0.0
1491.0,0.0
1492.0,0.0
1493.0,0.0
1494.0,0.0
1495.0,0.0
1496.0,0.0
1497.0,0.0
1498.0,0.0
1499.0,0.0
1500.0,0.0
1501.0,0.0
1502.0,0.0
1503.0,0.0
1504.0,0.0
1505.0,0.0
1506.0,0.0
1507.0,0.0
1508.0,0.0
1509.0,0.0
1510.0,0.0
1511.0,0.0
1512.0,0.0
1513.0,0.0
1514.0,0.0
1515.0,0.0
1516.0,0.0
1517.0,0.0
1518.0,0.0
1519.0,0.0
1520.0,0.0
1521.0,0.0
1522.0,0.0
1523.0,0.0
1524.0,0.0
1525.0,0.0
1526.0,0.0
1527.0,0.0
1528.0,0.0
1529.0,0.0
1530.0,0.0
1531.0,0.0
1532.0,0.0
1533.0,0.0
1534.0,0.0
1535.0,0.0
1536.0,0.0
1537.0,0.0
1538.0,0.0
1539.0,0.0
1540.0,0.0
1541.0,0.0
1542.0,0.0
1543.0,0.0
1544.0,0.0
1545.0,0.0
1546.0,0.0
1547.0,0.0
1548.0,0.0
1549.0,0.0
1550.0,0.0
1551.0,0.0
1552.0,0.0
1553.0,0.0
1554.0,0.0
1555.0,0.0
1556.0,0.0
1557.0,0.0
1558.0,0.0
1559.0,0.0
1560.0,0.0
1561.0,0.0
1562.0,0.0
1563.0,0.0
1564.0,0.0
1565.0,0.0
1566.0,0.0
1567.0,0.0
1568.0,0.0
1569.0,0.0
1570.0,0.0
1571.0,0.0
1572.0,0.0
1573.0,0.0
1574.0,0.0
1575.0,0.0
1576.0,0.0
1577.0,0.0
1578.0,0.0
1579.0,0.0
1580.0,0.0
1581.0,0.0
1582.0,0.0
1583.0,0.0
1584.0,0.0
1585.0,0.0
1586.0,0.0
1587.0,0.0
1588.0,0.0
1589.0,0.0
1590.0,0.0
1591.0,0.0
1592.0,0.0
1593.0,0.0
1594.0,0.0
1595.0,0.0
1596.0,0.0
1597.0,0.0
1598.0,0.0
1599.0,0.0
1600.0,0.0
1601.0,0.0
1602.0,0.0
1603.0,0.0
1604.0,0.0
1605.0,0.0
1606.0,0.0
1607.0,0.0
1608.0,0.0
1609.0,0.0
1610.0,0.0
1611.0,0.0
1612.0,0.0
1613.0,0.0
1614.0,0.0
1615.0,0.0
1616.0,0.0
1617.0,0.0
1618.0,0.0
1619.0,0.0
1620.0,0.0
1621.0,0.0
1622.0,0.0
1623.0,0.0
1624.0,0.0
1625.0,0.0
1626.0,0.0
1627.0,0.0
1628.0,0.0
1629.0,0.0
1630.0,0.0
1631.0,0.0
1632.0,0.0
1633.0,0.0
1634.0,0.0
1635.0,0.0
1636.0,0.0
1637.0,0.0
1638.0,0.0
1639.0,0.0
1640.0,0.0
1641.0,0.0
1642.0,0.0
1643.0,0.0
1644.0,0.0
1645.0,0.0
1646.0,0.0
1647.0,0.0
1648.0,0.0
1649.0,0.0
1650.0,0.0
1651.0,0.0
1652.0,0.0
1653.0,0.0
1654.0,0.0
1655.0,0.0
1656.0,0.0
1657.0,0.0
1658.0,0.0
1659.0,0.0
1660.0,0.0
1661.0,0.0
1662.0,0.0
1663.0,0.0
1664.0,0.0
1665.0,0.0
1666.0,0.0
1667.0,0.0
1668.0,0.0
1669.0,0.0
1670.0,0.0
1671.0,0.0
1672.0,0.0
1673.0,0.0
1674.0,0.0
1675.0,0.0
1676.0,0.0
1677.0,0.0
1678.0,0.0
1679.0,0.0
1680.0,0.0
1681.0,0.0
1682.0,0.0
1683.0,0.0
1684.0,0.0
1685.0,0.0
1686.0,0.0
1687.0,0.0
1688.0,0.0
1689.0,0.0
1690.0,0.0
1691.0,0.0
1692.0,0.0
1693.0,0.0
1694.0,0.0
1695.0,0.0
1696.0,0.0
1697.0,0.0
1698.0,0.0
1699.0,0.0
1700.0,0.0
1701.0,0.0
1702.0,0.0
1703.0,0.0
1704.0,0.0
1705.0,0.0
1706.0,0.0
1707.0,0.0
1708.0,0.0
1709.0,0.0
1710.0,0.0
1711.0,0.0
1712.0,0.0
1713.0,0.0
1714.0,0.0
1715.0,0.0
1716.0,0.0
1717.0,0.0
1718.0,0.0
1719.0,0.0
1720.0,0.0
1721.0,0.0
1722.0,0.0
1723.0,0.0
1724.0,0.0
1725.0,0.0
1726.0,0.0
1727.0,0.0
1728.0,0.0
1729.0,0.0
1730.0,0.0
1731.0,0.0
1732.0,0.0
1733.0,0.0
1734.0,0.0
1735.0,0.0
1736.0,0.0
1737.0,0.0
1738.0,0.0
1739.0,0.0
1740.0,0.0
1741.0,0.0
1742.0,0.0
1743.0,0.0
1744.0,0.0
1745.0,0.0
1746.0,0.0
1747.0,0.0
1748.0,0.0
1749.0,0.0
1750.0,0.0
1751.0,0.0
1752.0,0.0
1753.0,0.0
1754.0,0.0
1755.0,0.0
1756.0,0.0
1757.0,0.0
1758.0,0.0
1759.0,0.0
1760.0,0.0
1761.0,0.0
1762.0,0.0
1763.0,0.0
1764.0,0.0
1765.0,0.0
1766.0,0.0
1767.0,0.0
1768.0,0.0
1769.0,0.0
1770.0,0.0
1771.0,0.0
1772.0,0.0
1773.0,0.0
1774.0,0.0
1775.0,0.0
1776.0,0.0
1777.0,0.0
1778.0,0.0
1779.0,0.0
1780.0,0.0
1781.0,0.0
1782.0,0.0
1783.0,0.0
1784.0,0.0
1785.0,0.0
1786.0,0.0
1787.0,0.0
1788.0,0.0
1789.0,0.0
1790.0,0.0
1791.0,0.0
1792.0,0.0
1793.0,0.0
1794.0,0.0
1795.0,0.0
1796.0,0.0
1797.0,0.0
1798.0,0.0
1799.0,0.0
1800.0,0.0
1801.0,0.0
1802.0,0.0
1803.0,0.0
1804.0,0.0
1805.0,0.0
1806.0,0.0
1807.0,0.0
1808.0,0.0
1809.0,0.0
1810.0,0.0
1811.0,0.0
1812.0,0.0
1813.0,0.0
1814.0,0.0
1815.0,0.0
1816.0,0.0
1817.0,0.0
1818.0,0.0
1819.0,0.0
1820.0,0.0
1821.0,0.0
1822.0,0.0
1823.0,0.0
1824.0,0.0
1825.0,0.0
1826.0,0.0
1827.0,0.0
1828.0,0.0
1829.0,0.0
1830.0,0.0
1831.0,0.0
1832.0,0.0
1833.0,0.0
1834.0,0.0
1835.0,0.0
1836.0,0.0
1837.0,0.0
1838.0,0.0
1839.0,0.0
1840.0,0.0
1841.0,0.0
1842.0,0.0
1843.0,0.0
1844.0,0.0
1845.0,0.0
1846.0,0.0
1847.0,0.0
1848.0,0.0
1849.0,0.0
1850.0,0.0
1851.0,0.0
1852.0,0.0
1853.0,0.0
1854.0,0.0
1855.0,0.0
1856.0,0.0
1857.0,0.0
1858.0,0.0
1859.0,0.0
1860.0,0.0
1861.0,0.0
1862.0,0.0
1863.0,0.0
1864.0,0.0
1865.0,0.0
1866.0,0.0
1867.0,0.0
1868.0,0.0
1869.0,0.0
1870.0,0.0
1871.0,0.0
1872.0,0.0
1873.0,0.0
1874.0,0.0
1875.0,0.0
1876.0,0.0
1877.0,0.0
1878.0,0.0
1879.0,0.0
1880.0,0.0
1881.0,0.0
1882.0,0.0
1883.0,0.0
1884.0,0.0
1885.0,0.0
1886.0,0.0
1887.0,0.0
1888.0,0.0
1889.0,0.0
1890.0,0.0
1891.0,0.0
1892.0,0.0
1893.0,0.0
1894.0,0.0
1895.0,0.0
1896.0,0.0
1897.0,0.0
1898.0,0.0
1899.0,0.0
1900.0,0.0
1901.0,0.0
1902.0,0.0
1903.0,0.0
1904.0,0.0
1905.0,0.0
1906.0,0.0
1907.0,0.0
1908.0,0.0
1909.0,0.0
1910.0,0.0
1911.0,0.0
1912.0,0.0
1913.0,0.0
1914.0,0.0
1915.0,0.0
1916.0,0.0
1917.0,0.0
1918.0,0.0
1919.0,0.0
1920.0,0.0
1921.0,0.0
1922.0,0.0
1923.0,0.0
1924.0,0.0
1925.0,0.0
1926.0,0.0
1927.0,0.0
1928.0,0.0
1929.0,0.0
1930.0,0.0
1931.0,0.0
1932.0,0.0
1933.0,0.0
1934.0,0.0
1935.0,0.0
1936.0,0.0
1937.0,0.0
1938.0,0.0
1939.0,0.0
1940.0,0.0
1941.0,0.0
1942.0,0.0
1943.0,0.0
1944.0,0.0
1945.0,0.0
1946.0,0.0
1947.0,0.0
1948.0,0.0
1949.0,0.0
1950.0,0.0
1951.0,0.0
1952.0,0.0
1953.0,0.0
1954.0,0.0
1955.0,0.0
1956.0,0.0
1957.0,0.0
1958.0,0.0
1959.0,0.0
1960.0,0.0
1961.0,0.0
1962.0,0.0
1963.0,0.0
1964.0,0.0
1965.0,0.0
1966.0,0.0
1967.0,0.0
1968.0,0.0
1969.0,0.0
1970.0,0.0
1971.0,0.0
1972.0,0.0
1973.0,0.0
1974.0,0.0
1975.0,0.0
1976.0,0.0
1977.0,0.0
1978.0,0.0
1979.0,0.0
1980.0,0.0
1981.0,0.0
1982.0,0.0
1983.0,0.0
1984.0,0.0
1985.0,0.0
1986.0,0.0
1987.0,0.0
1988.0,0.0
1989.0,0.0
1990.0,0.0
1991.0,0.0
1992.0,0.0
1993.0,0.0
1994.0,0.0
1995.0,0.0
1996.0,0.0
1997.0,0.0
1998.0,0.0
1999.0,0.0
2000.0,0.0
2001.0,0.0
2002.0,0.0
2003.0,0.0
2004.0,0.0
2005.0,0.0
2006.0,0.0
2007.0,0.0
2008.0,0.0
2009.0,0.0
2010.0,0.0
2011.0,0.0
2012.0,0.0
2013.0,0.0
2014.0,0.0
2015.0,0.0
2016.0,0.0
2017.0,0.0
2018.0,0.0
2019.0,0.0
2020.0,0.0
2021.0,0.0
2022.0,0.0
2023.0,0.0
2024.0,0.0
2025.0,0.0
2026.0,0.0
2027.0,0.0
2028.0,0.0
2029.0,0.0
2030.0,0.0
2031.0,0.0
2032.0,0.0
2033.0,0.0
2034.0,0.0
2035.0,0.0
2036.0,0.0
2037.0,0.0
2038.0,0.0
2039.0,0.0
2040.0,0.0
2041.0,0.0
2042.0,0.0
2043.0,0.0
2044.0,0.0
2045.0,0.0
2046.0,0.0
2047.0,0.0
2048.0,0.0
2049.0,0.0
2050.0,0.0
2051.0,0.0
2052.0,0.0
2053.0,0.0
2054.0,0.0
2055.0,0.0
2056.0,0.0
2057.0,0.0
2058.0,0.0
2059.0,0.0
2060.0,0.0
2061.0,0.0
2062.0,0.0
2063.0,0.0
2064.0,0.0
2065.0,0.0
2066.0,0.0
2067.0,0.0
2068.0,0.0
2069.0,0.0
2070.0,0.0
2071.0,0.0
2072.0,0.0
2073.0,0.0
2074.0,0.0
2075.0,0.0
2076.0,0.0
2077.0,0.0
2078.0,0.0
2079.0,0.0
2080.0,0.0
2081.0,0.0
2082.0,0.0
2083.0,0.0
2084.0,0.0
2085.0,0.0
2086.0,0.0
2087.0,0.0
2088.0,0.0
2089.0,0.0
2090.0,0.0
2091.0,0.0
2092.0,0.0
2093.0,0.0
2094.0,0.0
2095.0,0.0
2096.0,0.0
2097.0,0.0
2098.0,0.0
2099.0,0.0
2100.0,0.0
2101.0,0.0
2102.0,0.0
2103.0,0.0
2104.0,0.0
2105.0,0.0
2106.0,0.0
2107.0,0.0
2108.0,0.0
2109.0,0.0
2110.0,0.0
2111.0,0.0
2112.0,0.0
2113.0,0.0
2114.0,0.0
2115.0,0.0
2116.0,0.0
2117.0,0.0
2118.0,0.0
2119.0,0.0
2120.0,0.0
2121.0,0.0
2122.0,0.0
2123.0,0.0
2124.0,0.0
2125.0,0.0
2126.0,0.0
2127.0,0.0
2128.0,0.0
2129.0,0.0
2130.0,0.0
2131.0,0.0
2132.0,0.0
2133.0,0.0
2134.0,0.0
2135.0,0.0
2136.0,0.0
2137.0,0.0
2138.0,0.0
2139.0,0.0
2140.0,0.0
2141.0,0.0
2142.0,0.0
2143.0,0.0
2144.0,0.0
2145.0,0.0
2146.0,0.0
2147.0,0.0
2148.0,0.0
2149.0,0.0
2150.0,0.0
2151.0,0.0
2152.0,0.0
2153.0,0.0
2154.0,0.0
2155.0,0.0
2156.0,0.0
2157.0,0.0
2158.0,0.0
2159.0,0.0
2160.0,0.0
2161.0,0.0
2162.0,0.0
2163.0,0.0
2164.0,0.0
2165.0,0.0
2166.0,0.0
2167.0,0.0
2168.0,0.0
2169.0,0.0
2170.0,0.0
2171.0,0.0
2172.0,0.0
2173.0,0.0
2174.0,0.0
2175.0,0.0
2176.0,0.0
2177.0,0.0
2178.0,0.0
2179.0,0.0
2180.0,0.0
2181.0,0.0
2182.0,0.0
2183.0,0.0
2184.0,0.0
2185.0,0.0
2186.0,0.0
2187.0,0.0
2188.0,0.0
2189.0,0.0
2190.0,0.0
2191.0,0.0
2192.0,0.0
2193.0,0.0
2194.0,0.0
2195.0,0.0
2196.0,0.0
2197.0,0.0
2198.0,0.0
2199.0,0.0
2200.0,0.0
2201.0,0.0
2202.0,0.0
2203.0,0.0
2204.0,0.0
2205.0,0.0
2206.0,0.0
2207.0,0.0
2208.0,0.0
2209.0,0.0
2210.0,0.0
2211.0,0.0
2212.0,0.0
2213.0,0.0
2214.0,0.0
2215.0,0.0
2216.0,0.0
2217.0,0.0
2218.0,0.0
2219.0,0.0
2220.0,0.0
2221.0,0.0
2222.0,0.0
2223.0,0.0
2224.0,0.0
2225.0,0.0
2226.0,0.0
2227.0,0.0
2228.0,0.0
2229.0,0.0
2230.0,0.0
2231.0,0.0
2232.0,0.0
2233.0,0.0
2234.0,0.0
2235.0,0.0
2236.0,0.0
2237.0,0.0
2238.0,0.0
2239.0,0.0
2240.0,0.0
2241.0,0.0
2242.0,0.0
2243.0,0.0
2244.0,0.0
2245.0,0.0
2246.0,0.0
2247.0,0.0
2248.0,0.0
2249.0,0.0
2250.0,0.0
2251.0,0.0
2252.0,0.0
2253.0,0.0
2254.0,0.0
2255.0,0.0
2256.0,0.0
2257.0,0.0
2258.0,0.0
2259.0,0.0
2260.0,0.0
2261.0,0.0
2262.0,0.0
2263.0,0.0
2264.0,0.0
2265.0,0.0
2266.0,0.0
2267.0,0.0
2268.0,0.0
2269.0,0.0
2270.0,0.0
2271.0,0.0
2272.0,0.0
2273.0,0.0
2274.0,0.0
2275.0,0.0
2276.0,0.0
2277.0,0.0
2278.0,0.0
2279.0,0.0
2280.0,0.0
2281.0,0.0
2282.0,0.0
2283.0,0.0
2284.0,0.0
2285.0,0.0
2286.0,0.0
2287.0,0.0
2288.0,0.0
2289.0,0.0
2290.0,0.0
2291.0,0.0
2292.0,0.0
2293.0,0.0
2294.0,0.0
2295.0,0.0
2296.0,0.0
2297.0,0.0
2298.0,0.0
2299.0,0.0
2300.0,0.0
2301.0,0.0
2302.0,0.0
2303.0,0.0
2304.0,0.0
2305.0,0.0
2306.0,0.0
2307.0,0.0
2308.0,0.0
2309.0,0.0
2310.0,0.0
2311.0,0.0
2312.0,0.0
2313.0,0.0
2314.0,0.0
2315.0,0.0
2316.0,0.0
2317.0,0.0
2318.0,0.0
2319.0,0.0
2320.0,0.0
2321.0,0.0
2322.0,0.0
2323.0,0.0
2324.0,0.0
2325.0,0.0
2326.0,0.0
2327.0,0.0
2328.0,0.0
2329.0,0.0
2330.0,0.0
2331.0,0.0
2332.0,0.0
2333.0,0.0
2334.0,0.0
2335.0,0.0
2336.0,0.0
2337.0,0.0
2338.0,0.0
2339.0,0.0
2340.0,0.0
2341.0,0.0
2342.0,0.0
2343.0,0.0
2344.0,0.0
2345.0,0.0
2346.0,0.0
2347.0,0.0
2348.0,0.0
2349.0,0.0
2350.0,0.0
2351.0,0.0
2352.0,0.0
2353.0,0.0
2354.0,0.0
2355.0,0.0
2356.0,0.0
2357.0,0.0
2358.0,0.0
2359.0,0.0
2360.0,0.0
2361.0,0.0
2362.0,0.0
2363.0,0.0
2364.0,0.0
2365.0,0.0
2366.0,0.0
2367.0,0.0
2368.0,0.0
2369.0,0.0
2370.0,0.0
2371.0,0.0
2372.0,0.0
2373.0,0.0
2374.0,0.0
2375.0,0.0
2376.0,0.0
2377.0,0.0
2378.0,0.0
2379.0,0.0
2380.0,0.0
2381.0,0.0
2382.0,0.0
2383.0,0.0
2384.0,0.0
2385.0,0.0
2386.0,0.0
2387.0,0.0
2388.0,0.0
2389.0,0.0
2390.0,0.0
2391.0,0.0
2392.0,0.0
2393.0,0.0
2394.0,0.0
2395.0,0.0
2396.0,0.0
2397.0,0.0
2398.0,0.0
2399.0,0.0
2400.0,0.0
2401.0,0.0
2402.0,0.0
2403.0,0.0
2404.0,0.0
2405.0,0.0
2406.0,0.0
2407.0,0.0
2408.0,0.0
2409.0,0.0
2410.0,0.0
2411.0,0.0
2412.0,0.0
2413.0,0.0
2414.0,0.0
2415.0,0.0
2416.0,0.0
2417.0,0.0
2418.0,0.0
2419.0,0.0
2420.0,0.0
2421.0,0.0
2422.0,0.0
2423.0,0.0
2424.0,0.0
2425.0,0.0
2426.0,0.0
2427.0,0.0
2428.0,0.0
2429.0,0.0
2430.0,0.0
2431.0,0.0
2432.0,0.0
2433.0,0.0
2434.0,0.0
2435.0,0.0
2436.0,0.0
2437.0,0.0
2438.0,0.0
2439.0,0.0
2440.0,0.0
2441.0,0.0
2442.0,0.0
2443.0,0.0
2444.0,0.0
2445.0,0.0
2446.0,0.0
2447.0,0.0
2448.0,0.0
2449.0,0.0
2450.0,0.0
2451.0,0.0
2452.0,0.0
2453.0,0.0
2454.0,0.0
2455.0,0.0
2456.0,0.0
2457.0,0.0
2458.0,0.0
2459.0,0.0
2460.0,0.0
2461.0,0.0
2462.0,0.0
2463.0,0.0
2464.0,0.0
2465.0,0.0
2466.0,0.0
2467.0,0.0
2468.0,0.0
2469.0,0.0
2470.0,0.0
2471.0,0.0
2472.0,0.0
2473.0,0.0
2474.0,0.0
2475.0,0.0
2476.0,0.0
2477.0,0.0
2478.0,0.0
2479.0,0.0
2480.0,0.0
2481.0,0.0
2482.0,0.0
2483.0,0.0
2484.0,0.0
2485.0,0.0
2486.0,0.0
2487.0,0.0
2488.0,0.0
2489.0,0.0
2490.0,0.0
2491.0,0.0
2492.0,0.0
2493.0,0.0
2494.0,0.0
2495.0,0.0
2496.0,0.0
2497.0,0.0
2498.0,0.0
2499.0,0.0
2500.0,0.0
2501.0,0.0
2502.0,0.0
2503.0,0.0
2504.0,0.0
2505.0,0.0
2506.0,0.0
2507.0,0.0
2508.0,0.0
2509.0,0.0
2510.0,0.0
2511.0,0.0
2512.0,0.0
2513.0,0.0
2514.0,0.0
2515.0,0.0
2516.0,0.0
2517.0,0.0
2518.0,0.0
2519.0,0.0
2520.0,0.0
2521.0,0.0
2522.0,0.0
2523.0,0.0
2524.0,0.0
2525.0,0.0
2526.0,0.0
2527.0,0.0
2528.0,0.0
2529.0,0.0
2530.0,0.0
2531.0,0.0
2532.0,0.0
2533.0,0.0
2534.0,0.0
2535.0,0.0
2536.0,0.0
2537.0,0.0
2538.0,0.0
2539.0,0.0
2540.0,0.0
2541.0,0.0
2542.0,0.0
2543.0,0.0
2544.0,0.0
2545.0,0.0
2546.0,0.0
2547.0,0.0
2548.0,0.0
2549.0,0.0
2550.0,0.0
2551.0,0.0
2552.0,0.0
2553.0,0.0
2554.0,0.0
2555.0,0.0
2556.0,0.0
2557.0,0.0
2558.0,0.0
2559.0,0.0
2560.0,0.0
2561.0,0.0
2562.0,0.0
2563.0,0.0
2564.0,0.0
2565.0,0.0
2566.0,0.0
2567.0,0.0
2568.0,0.0
2569.0,0.0
2570.0,0.0
2571.0,0.0
2572.0,0.0
2573.0,0.0
2574.0,0.0
2575.0,0.0
2576.0,0.0
2577.0,0.0
2578.0,0.0
2579.0,0.0
2580.0,0.0
2581.0,0.0
2582.0,0.0
2583.0,0.0
2584.0,0.0
2585.0,0.0
2586.0,0.0
2587.0,0.0
2588.0,0.0
2589.0,0.0
2590.0,0.0
2591.0,0.0
2592.0,0.0
2593.0,0.0
2594.0,0.0
2595.0,0.0
2596.0,0.0
2597.0,0.0
2598.0,0.0
2599.0,0.0
2600.0,0.0
2601.0,0.0
2602.0,0.0
2603.0,0.0
2604.0,0.0
2605.0,0.0
2606.0,0.0
2607.0,0.0
2608.0,0.0
2609.0,0.0
2610.0,0.0
2611.0,0.0
2612.0,0.0
2613.0,0.0
2614.0,0.0
2615.0,0.0
2616.0,0.0
2617.0,0.0
2618.0,0.0
2619.0,0.0
2620.0,0.0
2621.0,0.0
2622.0,0.0
2623.0,0.0
2624.0,0.0
2625.0,0.0
2626.0,0.0
2627.0,0.0
2628.0,0.0
2629.0,0.0
2630.0,0.0
2631.0,0.0
2632.0,0.0
2633.0,0.0
2634.0,0.0
2635.0,0.0
2636.0,0.0
2637.0,0.0
2638.0,0.0
2639.0,0.0
2640.0,0.0
2641.0,0.0
2642.0,0.0
2643.0,0.0
2644.0,0.0
2645.0,0.0
2646.0,0.0
2647.0,0.0
2648.0,0.0
2649.0,0.0
2650.0,0.0
2651.0,0.0
2652.0,0.0
2653.0,0.0
2654.0,0.0
2655.0,0.0
2656.0,0.0
2657.0,0.0
2658.0,0.0
2659.0,0.0
2660.0,0.0
2661.0,0.0
2662.0,0.0
2663.0,0.0
2664.0,0.0
2665.0,0.0
2666.0,0.0
2667.0,0.0
2668.0,0.0
2669.0,0.0
2670.0,0.0
2671.0,0.0
2672.0,0.0
2673.0,0.0
2674.0,0.0
2675.0,0.0
2676.0,0.0
2677.0,0.0
2678.0,0.0
2679.0,0.0
2680.0,0.0
2681.0,0.0
2682.0,0.0
2683.0,0.0
2684.0,0.0
2685.0,0.0
2686.0,0.0
2687.0,0.0
2688.0,0.0
2689.0,0.0
2690.0,0.0
2691.0,0.0
2692.0,0.0
2693.0,0.0
2694.0,0.0
2695.0,0.0
2696.0,0.0
2697.0,0.0
2698.0,0.0
2699.0,0.0
2700.0,0.0
2701.0,0.0
2702.0,0.0
2703.0,0.0
2704.0,0.0
2705.0,0.0
2706.0,0.0
2707.0,0.0
2708.0,0.0
2709.0,0.0
2710.0,0.0
2711.0,0.0
2712.0,0.0
2713.0,0.0
2714.0,0.0
2715.0,0.0
2716.0,0.0
2717.0,0.0
2718.0,0.0
2719.0,0.0
2720.0,0.0
2721.0,0.0
2722.0,0.0
2723.0,0.0
2724.0,0.0
2725.0,0.0
2726.0,0.0
2727.0,0.0
2728.0,0.0
2729.0,0.0
2730.0,0.0
2731.0,0.0
2732.0,0.0
2733.0,0.0
2734.0,0.0
2735.0,0.0
2736.0,0.0
2737.0,0.0
2738.0,0.0
2739.0,0.0
2740.0,0.0
2741.0,0.0
2742.0,0.0
2743.0,0.0
2744.0,0.0
2745.0,0.0
2746.0,0.0
2747.0,0.0
2748.0,0.0
2749.0,0.0
2750.0,0.0
2751.0,0.0
2752.0,0.0
2753.0,0.0
2754.0,0.0
2755.0,0.0
2756.0,0.0
2757.0,0.0
2758.0,0.0
2759.0,0.0
2760.0,0.0
2761.0,0.0
2762.0,0.0
2763.0,0.0
2764.0,0.0
2765.0,0.0
2766.0,0.0
2767.0,0.0
2768.0,0.0
2769.0,0.0
2770.0,0.0
2771.0,0.0
2772.0,0.0
2773.0,0.0
2774.0,0.0
2775.0,0.0
2776.0,0.0
2777.0,0.0
2778.0,0.0
2779.0,0.0
2780.0,0.0
2781.0,0.0
2782.0,0.0
2783.0,0.0
2784.0,0.0
2785.0,0.0
2786.0,0.0
2787.0,0.0
2788.0,0.0
2789.0,0.0
2790.0,0.0
2791.0,0.0
2792.0,0.0
2793.0,0.0
2794.0,0.0
2795.0,0.0
2796.0,0.0
2797.0,0.0
2798.0,0.0
2799.0,0.0
2800.0,0.0
2801.0,0.0
2802.0,0.0
2803.0,0.0
2804.0,0.0
2805.0,0.0
2806.0,0.0
2807.0,0.0
2808.0,0.0
2809.0,0.0
2810.0,0.0
2811.0,0.0
2812.0,0.0
2813.0,0.0
2814.0,0.0
2815.0,0.0
2816.0,0.0
2817.0,0.0
2818.0,0.0
2819.0,0.0
2820.0,0.0
2821.0,0.0
2822.0,0.0
2823.0,0.0
2824.0,0.0
2825.0,0.0
2826.0,0.0
2827.0,0.0
2828.0,0.0
2829.0,0.0
2830.0,0.0
2831.0,0.0
2832.0,0.0
2833.0,0.0
2834.0,0.0
2835.0,0.0
2836.0,0.0
2837.0,0.0
2838.0,0.0
2839.0,0.0
2840.0,0.0
2841.0,0.0
2842.0,0.0
2843.0,0.0
2844.0,0.0
2845.0,0.0
2846.0,0.0
2847.0,0.0
2848.0,0.0
2849.0,0.0
2850.0,0.0
2851.0,0.0
2852.0,0.0
2853.0,0.0
2854.0,0.0
2855.0,0.0
2856.0,0.0
2857.0,0.0
2858.0,0.0
2859.0,0.0
2860.0,0.0
2861.0,0.0
2862.0,0.0
2863.0,0.0
2864.0,0.0
2865.0,0.0
2866.0,0.0
2867.0,0.0
2868.0,0.0
2869.0,0.0
2870.0,0.0
2871.0,0.0
2872.0,0.0
2873.0,0.0
2874.0,0.0
2875.0,0.0
2876.0,0.0
2877.0,0.0
2878.0,0.0
2879.0,0.0
2880.0,0.0
2881.0,0.0
2882.0,0.0
2883.0,0.0
2884.0,0.0
2885.0,0.0
2886.0,0.0
2887.0,0.0
2888.0,0.0
2889.0,0.0
2890.0,0.0
2891.0,0.0
2892.0,0.0
2893.0,0.0
2894.0,0.0
2895.0,0.0
2896.0,0.0
2897.0,0.0
2898.0,0.0
2899.0,0.0
2900.0,0.0
2901.0,0.0
2902.0,0.0
2903.0,0.0
2904.0,0.0
2905.0,0.0
2906.0,0.0
2907.0,0.0
2908.0,0.0
2909.0,0.0
2910.0,0.0
2911.0,0.0
2912.0,0.0
2913.0,0.0
2914.0,0.0
2915.0,0.0
2916.0,0.0
2917.0,0.0
2918.0,0.0
2919.0,0.0
2920.0,0.0
2921.0,0.0
2922.0,0.0
2923.0,0.0
2924.0,0.0
2925.0,0.0
2926.0,0.0
2927.0,0.0
2928.0,0.0
2929.0,0.0
2930.0,0.0
2931.0,0.0
2932.0,0.0
2933.0,0.0
2934.0,0.0
2935.0,0.0
2936.0,0.0
2937.0,0.0
2938.0,0.0
2939.0,0.0
2940.0,0.0
2941.0,0.0
2942.0,0.0
2943.0,0.0
2944.0,0.0
2945.0,0.0
2946.0,0.0
2947.0,0.0
2948.0,0.0
2949.0,0.0
2950.0,0.0
2951.0,0.0
2952.0,0.0
2953.0,0.0
2954.0,0.0
2955.0,0.0
2956.0,0.0
2957.0,0.0
2958.0,0.0
2959.0,0.0
2960.0,0.0
2961.0,0.0
2962.0,0.0
2963.0,0.0
2964.0,0.0
2965.0,0.0
2966.0,0.0
2967.0,0.0
2968.0,0.0
2969.0,0.0
2970.0,0.0
2971.0,0.0
2972.0,0.0
2973.0,0.0
2974.0,0.0
2975.0,0.0
2976.0,0.0
2977.0,0.0
2978.0,0.0
2979.0,0.0
2980.0,0.0
2981.0,0.0
2982.0,0.0
2983.0,0.0
2984.0,0.0
2985.0,0.0
2986.0,0.0
2987.0,0.0
2988.0,0.0
2989.0,0.0
2990.0,0.0
2991.0,0.0
2992.0,0.0
2993.0,0.0
2994.0,0.0
2995.0,0.0
2996.0,0.0
2997.0,0.0
2998.0,0.0
2999.0,0.0
3000.0,0.0


